1 0.23486238718032837 0.39371981093427166 0.053211009595543146 0.098228664486669
1 0.6724770695436746 0.32447665400104597 0.025688073597848415 0.05636070913169533
1 0.828899089130573 0.38164251612033695 0.01926605519838631 0.054750403156504035
1 0.8949541355250403 0.42592593043809757 0.022935779998078942 0.04991948523093015
1 0.7288990883389488 0.27697262773290277 0.021100917598232627 0.041867955354973674
1 0.7747706483351067 0.24637681420426816 0.01926605519838631 0.051529791206121445
1 0.7472477123374119 0.21900161262601614 0.017431192798539996 0.045088567305356264
1 0.715596335940063 0.21095008275005966 0.018348623998463154 0.041867955354973674
1 0.6816513815429062 0.21256038872525096 0.02018348639830947 0.03542673145420849
1 0.6738532163435593 0.19887278793612495 0.017431192798539996 0.04025764937978238
1 0.6756880787434056 0.2568438030430116 0.021100917598232627 0.04669887328054756
1 0.6334862435469404 0.20531401183689013 0.017431192798539996 0.04025764937978238
1 0.5472477107541636 0.3099839002243243 0.022935779998078942 0.04669887328054756
1 0.5591743163531646 0.19323671702295542 0.017431192798539996 0.03542673145420849
