0 0.35986328125 0.3359375025029294 0.0634765625 0.18923611252103
0 0.07568359375 0.38020833616610616 0.0791015625 0.15625000116415322
0 0.16845703125 0.2786458354094066 0.0654296875 0.14756944554392248
0 0.390625 0.49218750366708264 0.0625 0.14756944554392248
0 0.44287109375 0.3559027804294601 0.0576171875 0.13194444542750716
0 0.6015625 0.2847222243435681 0.095703125 0.15277777891606092
0 0.2392578125 0.3237847246346064 0.037109375 0.11631944531109184
1 0.64208984375 0.4895833369810134 0.1005859375 0.2152777793817222
1 0.76171875 0.4288194476393983 0.0703125 0.15625000116415322
1 0.9521484375 0.3359375025029294 0.05078125 0.11979166755918413
1 0.9833984375 0.3333333358168602 0.033203125 0.14930555666796863
