0 0.04619047569576651 0.5926395817659795 0.084761903854087 0.12182740867137909
0 0.08619047526735812 0.42766496585682034 0.03904761862941086 0.05837563332170248
0 0.12238095107022673 0.3946700426749885 0.025714285438880324 0.043147207237780094
0 0.17095237912144512 0.3496192821767181 0.02380952355451882 0.031725887674838305
0 0.022857142612338066 0.36230963724665344 0.022857142612338066 0.026649745646864176
0 0.1976190455025062 0.4308375546243042 0.03714285674504936 0.044416242744773626
0 0.2357142831897363 0.36167511949315667 0.02761904732324183 0.038071065209805965
0 0.2866666635964066 0.5291878064163029 0.11428571306169033 0.16243654489517212
0 0.2919047587784007 0.355329941958189 0.025714285438880324 0.027918781153857708
0 0.37761904357466847 0.3686548147816211 0.016190476017072797 0.021573603618890047
0 0.4009523766580969 0.3908629361540079 0.026666666381061077 0.03299492318183184
0 0.44285713811405003 0.45558374701067805 0.04380952334031463 0.05837563332170248
0 0.5423809465719387 0.44606598070822656 0.06190476124174893 0.08756344998255372
0 0.508571423124522 0.40101522020995617 0.022857142612338066 0.04568527825176716
0 0.44619047141168267 0.38261420535854995 0.018095237901434302 0.021573603618890047
0 0.5842857080278918 0.35279187094420195 0.02761904732324183 0.027918781153857708
0 0.7014285639161244 0.3953045604284853 0.025714285438880324 0.02918781666085124
0 0.7004761829739437 0.3464466934092343 0.016190476017072797 0.02284263912588358
0 0.7476190396118909 0.44225887418724597 0.02476190449669957 0.031725887674838305
0 0.7285714207682759 0.36357867275364697 0.01714285695925355 0.01649746159091592
0 0.7761904678773135 0.39974618470296264 0.02095238072797656 0.027918781153857708
0 0.8257142768707126 0.44796953396871686 0.04952380899339914 0.06345177534967661
0 0.891904752352275 0.4022842557169497 0.02380952355451882 0.03299492318183184
0 0.9890476084547117 0.4619289245456457 0.021904761670157313 0.06852791737765074
0 0.9614285611314699 0.3876903473865241 0.03142857109196484 0.03426395868882537
1 0.5438095179852098 0.3502537999302149 0.013333333190530539 0.020304568111896515
