0 0.4974359016632661 0.3902777708717622 0.10256410343572497 0.2546296251239255
0 0.21089743768970948 0.3124999944702722 0.06282051335438155 0.12685184960719198
0 0.2608974381146254 0.3300925867515616 0.03290598318562843 0.07129629503469914
0 0.10320512908219825 0.2930555503698997 0.030341880599735305 0.07314814685378224
0 0.11794871895108372 0.22175925533520058 0.03589743620250374 0.05833333230111748
0 0.3623931654728949 0.27314814331475645 0.020512820687144995 0.03888888820074499
0 0.33311966095061507 0.27175925445044413 0.02606837628991343 0.04351851774845272
0 0.8098290667112451 0.39999999292194843 0.06068376119947061 0.1351851827930659
0 0.8685897509712959 0.37314814154524356 0.04914529956295155 0.1333333309739828
0 0.5790598339808639 0.2615740694454871 0.033333333616610616 0.07314814685378224
0 0.6235042788030114 0.2814814765006304 0.022222222411073744 0.05185185093432665
