1 0.5430680899880826 0.49634370720013976 0.018047580029815435 0.05301645491272211
1 0.5508613631827757 0.3135283454321325 0.013945857295766473 0.03473491873592138
1 0.4581624293932691 0.29250457882881165 0.022149302763864398 0.0402193795889616
1 0.6181296160211787 0.23948812391608953 0.020508613670244813 0.029250457882881165
1 0.6927809697808698 0.3564899554476142 0.020508613670244813 0.04753199405968189
1 0.7957342104054987 0.38574041333049536 0.018047580029815435 0.04387568682432175
1 0.12756357702892274 0.628884844481945 0.028712059138342738 0.03290676511824131
1 0.0771123874001205 0.5054844752885401 0.02296964731067419 0.027422304265201092
1 0.060705496463924646 0.42778794653713703 0.021328958217054605 0.04753199405968189
1 0.21328958217054605 0.3692870307713747 0.014766201842576265 0.04387568682432175
1 0.17350287165027112 0.26782450499013066 0.015586546389386058 0.049360147677361965
1 0.18129614484496415 0.1956124370917678 0.01312551274895668 0.03290676511824131
1 0.15791632526088506 0.1608775183558464 0.012305168202146888 0.036563072353601456
1 0.12223133747465909 0.20932358922436833 0.01312551274895668 0.042047533206641674
1 0.24569319176953286 0.3089579613879323 0.022149302763864398 0.0402193795889616
1 0.3182936841621995 0.24680073838680983 0.014766201842576265 0.03290676511824131
1 0.35602953331544995 0.23400366306304932 0.011484823655337095 0.02559415064752102
1 0.28999179729726166 0.21297989645972848 0.012305168202146888 0.031078611500561237
1 0.29286300321109593 0.17733090091496706 0.01640689093619585 0.036563072353601456
1 0.2538966372376308 0.12979890685528517 0.012305168202146888 0.029250457882881165
1 0.3831009033601731 0.1809872081503272 0.014766201842576265 0.03290676511824131
1 0.42411813070066273 0.175502747297287 0.014766201842576265 0.029250457882881165
1 0.5123051694827154 0.17276051687076688 0.017227235483005643 0.027422304265201092
1 0.5475799849955365 0.08409506641328335 0.010664479108527303 0.02559415064752102
1 0.660377360181883 0.16270567197352648 0.01312551274895668 0.03290676511824131
1 0.719442167552188 0.2806215803138912 0.011484823655337095 0.031078611500561237
1 0.7100082052638754 0.2184643573127687 0.012305168202146888 0.027422304265201092
1 0.7305168189341202 0.22303474135696888 0.007383100921288133 0.029250457882881165
1 0.7871205926639959 0.21480805007740855 0.012305168202146888 0.027422304265201092
1 0.5791632500477135 0.2111517428420484 0.018047580029815435 0.031078611500561237
1 0.4811320767039433 0.2285192022100091 0.012305168202146888 0.04387568682432175
1 0.47456932032946497 0.14899451984092593 0.012305168202146888 0.031078611500561237
1 0.3613617728697136 0.08683729683980346 0.012305168202146888 0.0201096897944808
1 0.39868744974955916 0.09414991131052375 0.014766201842576265 0.023765997029840946
1 0.4413453661836684 0.09597806492820382 0.014766201842576265 0.023765997029840946
1 0.48851517762523144 0.07678245194256306 0.009023790014907718 0.021937843412160873
1 0.9401148506440222 0.38025595247745514 0.01640689093619585 0.02559415064752102
1 0.8789991819066927 0.30804388457909226 0.017227235483005643 0.031078611500561237
1 0.8638228077907115 0.27239488903433084 0.018047580029815435 0.02559415064752102
1 0.8277276477310807 0.24680073838680983 0.01640689093619585 0.036563072353601456
