0 0.06718750100117177 0.3914062558324076 0.09843750146683306 0.1671875024912879
0 0.3250000048428774 0.2578125038417056 0.037500000558793545 0.07187500107102096
0 0.4179687562282197 0.2867187542724423 0.029687500442378223 0.07656250114087015
0 0.6308593844005372 0.26093750388827175 0.03828125057043508 0.07500000111758709
0 0.6902343852852937 0.17578125261934474 0.041406250617001206 0.0921875013737008
0 0.8937500133179128 0.2640625039348379 0.07812500116415322 0.20000000298023224
0 0.7125000106170774 0.4664062569499947 0.040625000605359674 0.08593750128056854
1 0.826562512316741 0.2867187542724423 0.05312500079162419 0.0921875013737008
1 0.38164063068688847 0.21796875324798748 0.022656250337604433 0.05468750081490725
0 0.2914062543422915 0.21484375320142135 0.018750000279396772 0.06406250095460564
1 0.20351562803261913 0.19218750286381692 0.03515625052386895 0.09375000139698386
0 0.5507812582072802 0.17656250263098627 0.03593750053551048 0.06875000102445483
