1 0.23356807848904282 0.38445380120538175 0.049295775359496474 0.10084034129977226
1 0.5534037638572045 0.19012606015894562 0.01525821618270129 0.03151260665617883
1 0.5416666744858958 0.30567228456493467 0.019953051931224763 0.044117649318650365
1 0.6654929673532024 0.32773110922425985 0.021126760868355632 0.04621848976239562
1 0.8233568193973042 0.37710085965227336 0.026995305554009974 0.06932773464359343
1 0.7241784142097458 0.2720588374650106 0.021126760868355632 0.05252101109363139
1 0.7640845180721954 0.24684875214006752 0.021126760868355632 0.0567226919811219
1 0.7411971937981434 0.2163865657057613 0.01525821618270129 0.04201680887490511
1 0.7083333435584791 0.2079832039307803 0.01525821618270129 0.029411766212433577
1 0.6707746575702913 0.2048319432651624 0.01525821618270129 0.03571428754366934
1 0.6261737179593183 0.2048319432651624 0.017605634056963027 0.039915968431159854
1 0.669014094164595 0.2531512734713033 0.025821596616879106 0.05252101109363139
