1 0.21651785835274495 0.5935863935155794 0.07946428615832701 0.11910994886420667
1 0.047767857409780845 0.5111256596865132 0.06875000038417056 0.1269633520860225
1 0.5437500030384399 0.5327225185465068 0.053571428870782256 0.10732984403148293
1 0.6669642894412391 0.5307591677410528 0.042857143096625805 0.07984293275512755
1 0.6977678610419389 0.47971204679924995 0.03660714306170121 0.06675392738543451
1 0.7357142898254097 0.4515706852544099 0.026785714435391128 0.05497382255271077
1 0.6495535750582349 0.4489528841804713 0.024107142991852015 0.05235602147877216
1 0.6120535748486873 0.47709424572531134 0.034821428766008466 0.0641361263114959
1 0.8272321474796627 0.5124345602234825 0.04553571454016492 0.08769633597694337
1 0.9200892908556852 0.48756545002106577 0.03839285735739395 0.06937172845937312
1 0.3558035734167788 0.4888743505580351 0.05089285742724314 0.07984293275512755
1 0.5696428603259847 0.45222513552289456 0.030357143026776612 0.04842931986786425
1 0.08839285763679072 0.4515706852544099 0.03928571450524032 0.07329843007028103
1 0.018303571530850604 0.4227748734410852 0.02946428587893024 0.06020942470058799
1 0.2361607156053651 0.4764397954568267 0.04017857165308669 0.06806282792240381
1 0.30937500172876753 0.39790576323866844 0.016964285809081048 0.036649215035140514
1 0.28482143016299233 0.4299738263944164 0.01785714295692742 0.03534031449817121
1 0.5263392886554357 0.4339005280053243 0.025892857287544757 0.04842931986786425
