1 0.26925001278868876 0.9338645560201257 0.1795000085257925 0.1322709183441475
1 0.2690000127768144 0.627888455754146 0.0780000037048012 0.13705179491080344
1 0.5545000263373367 0.49482072464888915 0.0390000018524006 0.07171314849983901
1 0.60225002860534 0.46015936954063363 0.03550000168615952 0.06294820812763646
1 0.5507500261592213 0.411553791112965 0.02650000125868246 0.04223107633879408
1 0.6517500309564639 0.40956175921019167 0.03350000159116462 0.06374502088874578
1 0.15625000742147677 0.4625498078239616 0.04350000206613913 0.08366533991647884
1 0.08350000396603718 0.4438247079378925 0.03100000147242099 0.06215139536652714
1 0.39775001889211126 0.44262948879622854 0.030500001448672265 0.06294820812763646
1 0.44225002100574784 0.39003984656301327 0.022500001068692654 0.04860557842766866
1 0.29550001403549686 0.3936255039880052 0.027000001282431185 0.04780876566655934
1 0.9492500450869557 0.19641434561344795 0.0625000029685907 0.11713147588307038
1 0.7335000348393805 0.5035856650210917 0.03300000156741589 0.07968127611093223
1 0.7652500363474246 0.4932270991266705 0.028500001353677362 0.060557769844308496
1 0.4142500196758192 0.39442231674911454 0.022500001068692654 0.036653387011028826
1 0.35800001700408757 0.39243028484634124 0.03200000151991844 0.03904382529435679
1 0.254250012076227 0.41274901025462896 0.014500000688713044 0.03505976148881018
1 0.06200000294484198 0.47729084390448406 0.03100000147242099 0.05896414432208985
1 0.11125000528409146 0.7015936361567583 0.030500001448672265 0.10756972274975851
