0 0.48311966222536284 0.43101851089159027 0.03119658146169968 0.06944444321561605
0 0.5959401760046603 0.460185177042149 0.03547008577152155 0.08518518367782235
0 0.7194444505585125 0.5111111020669341 0.03290598318562843 0.08518518367782235
0 0.42243590102589224 0.5393518423079513 0.051709402148844674 0.13055555324535817
0 0.40427350770914927 0.42222221475094557 0.03418803447857499 0.0666666654869914
0 0.36837607150664553 0.3935185115551576 0.01794871810125187 0.04444444365799427
0 0.34722222517302725 0.39814814110286534 0.014957265084376559 0.0333333327434957
0 0.3262820540549001 0.4124999927007593 0.02606837628991343 0.060185184120200574
0 0.2709401732427068 0.38425925245974213 0.020512820687144995 0.042592591838911176
0 0.23846154048806056 0.39583332632901147 0.02136752154910937 0.03425925865303725
0 0.19914530083769932 0.4023148076958023 0.02136752154910937 0.039814814110286534
0 0.1589743603253737 0.40509258542442694 0.01794871810125187 0.04166666592936963
0 0.1356837618368445 0.4708333250018768 0.0371794874954503 0.0842592577682808
0 0.23632478833314963 0.45740739931352437 0.040170940512325615 0.09444444277323782
0 0.29252137000730727 0.4828703618259169 0.046581196977058426 0.1212962941499427
0 0.8305555626138812 0.5893518414231949 0.06282051335438155 0.1546296268934384
0 0.11260683856380638 0.4037036965601146 0.014102564222412184 0.04444444365799427
