1 0.7607484189793468 0.37710674543632194 0.026273885741829872 0.04073033749591559
1 0.7774681644514203 0.3061797784175724 0.027866242453455925 0.042134831892326474
1 0.6524681625887752 0.3693820262560621 0.034235669299960136 0.03932584309950471
1 0.7121815392747521 0.2794943848857656 0.01990445889532566 0.053370787063613534
1 0.7113853609189391 0.22612359782215208 0.026273885741829872 0.04494382068514824
1 0.7511942787095904 0.2282303394167684 0.023089172318577766 0.03511235991027206
1 0.8073248527944088 0.23455056420061737 0.01592356711626053 0.047752809477970004
1 0.843949057161808 0.29073034005705267 0.0270700640976429 0.053370787063613534
1 0.7241242146119475 0.18609550752444193 0.018312102183699608 0.0323033711174503
1 0.6831210292875767 0.15800561959622428 0.025477707386016846 0.029494382324628532
1 0.6532643409445882 0.21839887864189222 0.021496815606951714 0.04073033749591559
1 0.6464968249201775 0.2759831488947384 0.025477707386016846 0.04353932628873736
1 0.5991242127493024 0.2535112385521643 0.01990445889532566 0.04073033749591559
1 0.5748407728970051 0.23876404738985002 0.020700637251138687 0.036516854306682944
1 0.4948248481377959 0.29564607044449076 0.018312102183699608 0.03792134870309383
1 0.5573248490691185 0.3202247223816812 0.023885350674390793 0.047752809477970004
1 0.9112261282280087 0.268960676912684 0.021496815606951714 0.04353932628873736
1 0.8849522424861789 0.1994382042903453 0.015127388760447502 0.025280899135395885
1 0.8531051082536578 0.15238764201058075 0.018312102183699608 0.0323033711174503
1 0.8037420501932502 0.13904494524467736 0.01353503204882145 0.025280899135395885
1 0.407245228998363 0.2942415760480799 0.023089172318577766 0.04073033749591559
1 0.4848726186901331 0.22191011463291943 0.01592356711626053 0.02808988792821765
1 0.3471337631344795 0.22752809221856296 0.01592356711626053 0.030898876721039414
1 0.33598726615309715 0.22261236183112487 0.01592356711626053 0.023876404738985002
1 0.3081210236996412 0.2619382049306296 0.01751592382788658 0.0323033711174503
1 0.34792994149029255 0.2794943848857656 0.020700637251138687 0.02808988792821765
1 0.39371019694954157 0.20365168747957796 0.021496815606951714 0.03370786551386118
1 0.4191879043355584 0.23455056420061737 0.016719745472073555 0.02247191034257412
1 0.4633758030831814 0.1685393275693059 0.014331210404634476 0.025280899135395885
1 0.5163216637447476 0.19662921549752355 0.015127388760447502 0.042134831892326474
1 0.5378184793516994 0.17275281075853854 0.011942675337195396 0.030898876721039414
1 0.5676751676946878 0.16924157476751134 0.009554140269756317 0.023876404738985002
1 0.6453025573864579 0.18328651873162016 0.01353503204882145 0.029494382324628532
