1 0.556390987127088 0.40647481626365334 0.025062657077796757 0.04748201393522322
1 0.5167084467539098 0.4014388450887054 0.027568922785576433 0.0489208628423512
1 0.6228070283832494 0.4338129454990849 0.025898078980389982 0.050359711749479175
1 0.019632414710940793 0.42302157869562507 0.02088554756483063 0.04316546721383929
1 0.2414369298494421 0.33884891762863845 0.013366750441491604 0.03309352486394346
1 0.26691729787853546 0.3546762556070462 0.01587301614927128 0.030215827049687505
1 0.3011695958848577 0.3733812913997099 0.01921470375964418 0.03309352486394346
1 0.2978279082744848 0.3100719394860789 0.012531328538898379 0.03309352486394346
1 0.3475355114787817 0.3776978381210938 0.016708438051864505 0.03884892049245536
1 0.4235589046147652 0.33956834208220243 0.021720969467423856 0.034532373771071434
1 0.45906433547497727 0.3489208599785343 0.01754385995445773 0.041726618306711316
1 0.4260651703225449 0.2999999971361831 0.016708438051864505 0.03597122267819941
1 0.3734335904591717 0.29064747923985124 0.020050125662237406 0.03165467595681548
1 0.6791980068082921 0.4633093480952084 0.028404344688169658 0.054676258470863104
1 0.7167919924249873 0.4992805707734078 0.03007518849335611 0.08633093442767859
1 0.8521303406450897 0.5093525131233037 0.026733500882983208 0.05755395628511906
1 0.8070175579050556 0.41079136298503727 0.025062657077796757 0.061870503006502986
1 0.7522974232851993 0.4028776939958334 0.025898078980389982 0.046043165028095245
1 0.7063492186425719 0.3525179822463542 0.01921470375964418 0.05179856065660715
1 0.6791980068082921 0.3776978381210938 0.021720969467423856 0.03884892049245536
1 0.6687552330258768 0.33309352200012654 0.024227235175203532 0.03597122267819941
1 0.6115288326982409 0.3280575508251786 0.03007518849335611 0.03165467595681548
1 0.6299081145552918 0.38129496038891375 0.03341687610372901 0.03741007158532739
1 0.5664160499582067 0.29712229932192713 0.018379281857050955 0.03597122267819941
1 0.8796992634306662 0.3589928023284301 0.015037594246678054 0.03884892049245536
1 0.8350041916419286 0.3798561114817858 0.02088554756483063 0.03741007158532739
1 0.8650793801352847 0.4640287725487724 0.032581454201135784 0.04748201393522322
1 0.9394319294660818 0.4043165429029614 0.012531328538898379 0.03741007158532739
1 0.9482038594433106 0.3604316512355581 0.015037594246678054 0.03884892049245536
1 0.8341687697393354 0.29496402596123517 0.012531328538898379 0.02014388469979167
1 0.8943191467260476 0.3165467595681548 0.014202172344084829 0.03165467595681548
1 0.736424407135928 0.28417265915777534 0.01754385995445773 0.03309352486394346
1 0.7840434555837419 0.2935251770541072 0.014202172344084829 0.02877697814255953
1 0.8943191467260476 0.2553956810152158 0.014202172344084829 0.030215827049687505
1 0.762322486116318 0.22733812732622027 0.010860484733711928 0.03165467595681548
1 0.6913116243958939 0.27266186790075153 0.014202172344084829 0.021582733606919646
1 0.6591478811460547 0.2503597098402679 0.011695906636305153 0.02877697814255953
1 0.5363408614648506 0.2553956810152158 0.013366750441491604 0.027338129235431552
1 0.5116959153383505 0.2733812923543155 0.014202172344084829 0.025899280328303576
1 0.4770259063807316 0.24100719194393605 0.018379281857050955 0.03884892049245536
1 0.6198830517241731 0.22158273169770837 0.016708438051864505 0.03741007158532739
1 0.3897243175597396 0.3553956800606102 0.024227235175203532 0.03165467595681548
1 0.925229757121997 0.47841726162005216 0.01921470375964418 0.05899280519224703
