1 0.4043333290028386 0.6407500304339919 0.04999999946448952 0.07550000358605757
1 0.28499999694759026 0.6295000298996456 0.03866666625253856 0.05600000265985727
1 0.07316666588303633 0.7032500334025826 0.07966666581341997 0.1325000062934123
1 0.06283333266037516 0.5600000265985727 0.028333333029877394 0.0390000018524006
1 0.13883333184639923 0.6560000311583281 0.03366666630608961 0.03600000170990825
1 0.108166665508179 0.5402500256604981 0.022333333094138652 0.04150000197114423
1 0.31066666333936155 0.5252500249480363 0.017999999807216227 0.029500001401174814
1 0.28066666366066784 0.511250024283072 0.015999999828636646 0.024500001163687557
1 0.22133333096280694 0.5170000245561823 0.017999999807216227 0.03000000142492354
1 0.19416666458710097 0.5325000252923928 0.023666666413191706 0.03600000170990825
1 0.16033333161612973 0.5377500255417544 0.01933333312626928 0.028500001353677362
1 0.37433332932414487 0.5055000240099616 0.017999999807216227 0.03100000147242099
1 0.42149999548564665 0.5150000244611874 0.015666666498873383 0.028000001329928637
1 0.47133332828525454 0.5200000246986747 0.0173333331476897 0.027000001282431185
1 0.5039999946020544 0.5212500247580465 0.014666666509583592 0.02750000130617991
1 0.5424999941897113 0.5250000249361619 0.017666666477452964 0.028000001329928637
1 0.5588333273481112 0.4982500236656051 0.014333333179820329 0.029500001401174814
1 0.5798333271231968 0.5127500243543182 0.014999999839346856 0.02550000121118501
1 0.6033333268715069 0.5385000255773775 0.0173333331476897 0.03200000151991844
1 0.610499993461417 0.5115000242949463 0.010999999882187694 0.02400000113993883
1 0.6421666597889271 0.5342500253755134 0.014999999839346856 0.030500001448672265
1 0.6884999926260207 0.5380000255536288 0.017666666477452964 0.03100000147242099
1 0.7544999919191469 0.531250025233021 0.019666666456032544 0.03350000159116462
1 0.7878333248954732 0.5360000254586339 0.01833333313697949 0.03000000142492354
1 0.9098333235888276 0.55125002618297 0.02033333311555907 0.046500002208631486
