1 0.68931538896868 0.6471136020263657 0.06535270053427666 0.16201117518357933
1 0.7157676725182682 0.44320298498496413 0.04564315592870116 0.11173184495419264
1 0.6307054273784161 0.25325884856283665 0.024896266870200634 0.0521415276452899
1 0.5829875825438648 0.23370577569585294 0.018672200152650476 0.05027933022938669
1 0.8319502512458712 0.2635009343503043 0.018672200152650476 0.042830540565773845
1 0.7935685064876452 0.23556797311175615 0.018672200152650476 0.046554935397580266
1 0.9496888466528617 0.21973929507657886 0.01141078898217529 0.03724394831806421
1 0.5191908986889757 0.20204841962549835 0.019709544605575502 0.03165735607035458
1 0.5549792823148891 0.20670391316525638 0.016597511246800423 0.03724394831806421
1 0.4408713924931362 0.23556797311175615 0.016597511246800423 0.02793296123854816
