0 0.0625 0.21041055698879063 0.08203125 0.11583577701821923
0 0.1943359375 0.20234604086726904 0.07421875 0.11143695004284382
0 0.314453125 0.2038123165257275 0.068359375 0.09970674477517605
0 0.40576171875 0.23973607015796006 0.0615234375 0.06891495594754815
0 0.45703125 0.24413489713333547 0.0625 0.09824046911671758
0 0.7060546875 0.2199413487687707 0.060546875 0.14076246321201324
0 0.8564453125 0.2881231668870896 0.091796875 0.13049853360280395
0 0.90869140625 0.5417888558004051 0.1025390625 0.16568914940580726
0 0.80859375 0.6356304979417473 0.083984375 0.11290322570130229
0 0.6181640625 0.5997067443095148 0.0859375 0.14662756584584713
0 0.5234375 0.5051319643389434 0.068359375 0.14516129018738866
0 0.3564453125 0.58504398772493 0.103515625 0.1378299118950963
0 0.1494140625 0.5043988265097141 0.091796875 0.13196480926126242
