1 0.6425000155577436 0.40187499101739377 0.14333333680406213 0.23874999466352165
1 0.16333333728834987 0.3006249932805076 0.061666668159887195 0.08874999801628292
1 0.2987500072340481 0.27124999393709004 0.04916666785720736 0.09499999787658453
1 0.5579166801762767 0.19062499573919922 0.04083333432208747 0.08374999812804163
1 0.9620833566295914 0.28374999365769327 0.0458333344431594 0.08499999810010195
1 0.8633333542384207 0.15812499646563083 0.02833333401940763 0.061249998630955815
1 0.7091666838387027 0.18187499593477696 0.02833333401940763 0.05374999879859388
1 0.6229166817502119 0.1943749956553802 0.030833334079943597 0.05874999868683517
1 0.41833334346301854 0.36999999172985554 0.05500000133179128 0.18999999575316906
1 0.8229166865930893 0.33124999259598553 0.0691666683414951 0.12499999720603228
