0 0.5534188081219327 0.35231480858055875 0.04615384654607624 0.10648147959727794
0 0.48247863657888956 0.3606481417664327 0.03418803447857499 0.087962961406447
0 0.43611111481732223 0.33796295698266476 0.026923077151877806 0.08703703549690545
0 0.5299145344179124 0.3791666599572636 0.022222222411073744 0.06759259139653295
0 0.741239322538604 0.3509259197162464 0.02777777801384218 0.07592592458240688
0 0.7771367587411078 0.32916666084202006 0.028632478875806555 0.08981481322553009
0 0.7950854768423596 0.3851851783692837 0.03461538490955718 0.09074073913507164
0 0.8211538531322731 0.33287036448018625 0.028632478875806555 0.087962961406447
0 0.8920940246753162 0.37870369700249285 0.048290598700987175 0.15925925644114614
0 0.866666674031876 0.40138888178626075 0.033333333616610616 0.13055555324535817
0 0.35064102862088475 0.3569444381282665 0.026923077151877806 0.07499999867286533
0 0.3151709428493632 0.3425925865303725 0.02948717973777093 0.08333333185873926
0 0.21901709587837104 0.3532407344901003 0.046581196977058426 0.11388888687361032
0 0.15427350558456965 0.37129628972616047 0.04786324827000499 0.12777777551673353
