0 0.17094017239287496 0.5824073971016333 0.026495726720895618 0.06296296184882522
0 0.2100427368277451 0.5819444341468625 0.023504273704020306 0.056481480482034385
0 0.23183760880783666 0.5689814714132808 0.02264957284205593 0.06759259139653295
0 0.27222222453565337 0.5861111007397994 0.027350427582859993 0.05925925821065903
0 0.3085470111691393 0.5754629527800716 0.028205128444824368 0.06388888775836676
0 0.3452991482336074 0.5717592491419055 0.026495726720895618 0.07314814685378224
0 0.37435897754039615 0.5703703602775931 0.02136752154910937 0.07222222094424069
0 0.4100427385274088 0.56851850845851 0.030341880599735305 0.06481481366790831
0 0.44273504649754614 0.5898148043779656 0.029059829306788743 0.06111111002974212
0 0.4779914570535766 0.5527777679963037 0.02606837628991343 0.06296296184882522
0 0.5089743632997852 0.5874999896041118 0.026495726720895618 0.06759259139653295
0 0.5410256456234492 0.5898148043779656 0.028205128444824368 0.06111111002974212
0 0.5696581244992558 0.6064814707497135 0.023931624135002494 0.0685185173060745
0 0.6017094068229198 0.5671296195941977 0.029059829306788743 0.07685185049194843
0 0.62713675746636 0.5939814709709026 0.025213675427949056 0.07499999867286533
0 0.6801282109081512 0.5578703604987822 0.030341880599735305 0.06574073957744986
0 0.7559829124074895 0.5944444339256734 0.028205128444824368 0.0685185173060745
0 0.7784188100340543 0.5953703598352149 0.023504273704020306 0.0666666654869914
0 0.8123931692971382 0.6004629523376934 0.03162393189268187 0.06759259139653295
0 0.8538461611024104 0.5939814709709026 0.027350427582859993 0.07499999867286533
0 0.8903846229513874 0.5837962859659456 0.03119658146169968 0.06944444321561605
