1 0.1055327809881419 0.28351449803449214 0.022540982346981764 0.0489130443893373
1 0.29969260620418936 0.22010869975201786 0.01331967138685286 0.027173913549631834
1 0.40368850203230977 0.2771739182062447 0.01434426149353385 0.036231884732842445
1 0.5722335745813325 0.28079710667952895 0.021516392240300775 0.043478261679410934
1 0.4846311204601079 0.22644927958026528 0.016393441706895828 0.036231884732842445
1 0.4503073518862948 0.22101449687033892 0.017418031813576818 0.036231884732842445
1 0.6280737353954464 0.2581521787215024 0.022540982346981764 0.04166666744276881
1 0.6869876665296033 0.2608695700764656 0.017418031813576818 0.043478261679410934
1 0.7172130746766925 0.25724638160318136 0.012295081280171871 0.04710145015269518
1 0.7423155322903767 0.2699275412596762 0.017418031813576818 0.043478261679410934
1 0.7689548750640824 0.2753623239696026 0.015368851600214839 0.03985507320612669
1 0.8012294634245336 0.2916666720993817 0.018442621920257807 0.043478261679410934
1 0.8601433945586905 0.31068841158412397 0.02561475266702473 0.04166666744276881
1 0.8765368362655863 0.2753623239696026 0.017418031813576818 0.04710145015269518
1 0.8376024122117087 0.24818841041997075 0.019467212026938796 0.036231884732842445
1 0.7520491383038461 0.2146739170420915 0.01434426149353385 0.03442029049620032
1 0.7966188079444692 0.23188406229019165 0.021516392240300775 0.0326086962595582
1 0.8073770040646195 0.16938406112603843 0.016393441706895828 0.03804347896948457
1 0.7018442230764776 0.16485507553443313 0.016393441706895828 0.025362319312989712
1 0.6752048803027719 0.2309782651718706 0.022540982346981764 0.03804347896948457
1 0.6275614403421059 0.20561594585888088 0.021516392240300775 0.019927536603063345
1 0.5035860374337062 0.19293478620238602 0.01331967138685286 0.03442029049620032
1 0.479508169926703 0.1675724668893963 0.012295081280171871 0.027173913549631834
1 0.5066598077537492 0.14855072740465403 0.019467212026938796 0.021739130839705467
1 0.523053249460645 0.18297101790085435 0.01331967138685286 0.025362319312989712
1 0.48258194024674594 0.13586956774815917 0.012295081280171871 0.018115942366421223
1 0.4374999755527824 0.14311594469472766 0.012295081280171871 0.021739130839705467
1 0.44415981124620885 0.1793478294275701 0.01331967138685286 0.0326086962595582
1 0.3939548960188404 0.22101449687033892 0.015368851600214839 0.021739130839705467
1 0.4185450585791841 0.22192029398865998 0.01331967138685286 0.027173913549631834
1 0.35963112744502723 0.2309782651718706 0.018442621920257807 0.02355072507634759
1 0.3714139136718586 0.1983695689123124 0.011270491173490882 0.02355072507634759
1 0.3888319454854354 0.1956521775573492 0.015368851600214839 0.018115942366421223
1 0.381147519685328 0.17753623519092798 0.01434426149353385 0.028985507786273956
1 0.5537909526610747 0.1304347850382328 0.009221310960128903 0.021739130839705467
1 0.5609630834078416 0.1983695689123124 0.01331967138685286 0.03079710202291608
1 0.5855532459681854 0.17753623519092798 0.01331967138685286 0.028985507786273956
1 0.6921106170630082 0.12681159656494856 0.011270491173490882 0.0326086962595582
1 0.6075819332618266 0.17300724959932268 0.016393441706895828 0.027173913549631834
1 0.6316598007688299 0.1259057994466275 0.011270491173490882 0.03079710202291608
1 0.9185450306395069 0.3478260934352875 0.017418031813576818 0.04710145015269518
1 0.9293032267596573 0.28985507786273956 0.018442621920257807 0.043478261679410934
1 0.8427253627451137 0.16394927841611207 0.009221310960128903 0.019927536603063345
1 0.860655689612031 0.20199275738559663 0.022540982346981764 0.027173913549631834
