0 0.1662393176520709 0.1930555521394126 0.040170940512325615 0.08981481322553009
0 0.21816239501640666 0.21018518146593124 0.021794871980091557 0.07407407276332378
0 0.3363247891829815 0.16990740440087393 0.041880342236254364 0.1212962941499427
0 0.4177350462850882 0.2180555516970344 0.0645299150783103 0.17685184872243553
0 0.376282054479816 0.23287036624969915 0.028632478875806555 0.09722222050186247
0 0.48653846567322034 0.19814814464189112 0.016666666808305308 0.04814814729616046
0 0.5497863294585841 0.20972221851116046 0.032051282323664054 0.07129629503469914
0 0.5963675264356425 0.19444444100372493 0.0440170943911653 0.12592592369765043
0 0.7102564162923954 0.23749999579740688 0.05128205171786249 0.13796296052169055
0 0.8042735111084767 0.2666666619479656 0.08632478705840185 0.22777777374722064
0 0.6623931680223905 0.21712962578749284 0.02136752154910937 0.04166666592936963
