0 0.09749999782070518 0.23888889467343688 0.05124999885447323 0.06222222372889519
0 0.2624999941326678 0.2061111161019653 0.04499999899417162 0.06555555714294314
0 0.15593749651452526 0.2900000070221722 0.020624999538995326 0.04000000096857548
0 0.3378124924493022 0.24888889491558075 0.025624999427236617 0.04888889007270336
0 0.4253124904935248 0.23888889467343688 0.03687499917577952 0.08000000193715096
0 0.5312499881256372 0.2583333395887166 0.03999999910593033 0.08555555762723088
0 0.7131249840604141 0.26277778414078057 0.028749999357387424 0.08333333535119891
0 0.863437480700668 0.24611111707054079 0.038124999147839844 0.076666668523103
0 0.5831249869661406 0.3383333415258676 0.009999999776482582 0.021111111622303724
0 0.9890624778927304 0.3605555642861873 0.011874999734573066 0.021111111622303724
0 0.9765624781721272 0.3688888978213072 0.014374999678693712 0.02666666731238365
