1 0.1758911821525544 0.506711411755532 0.03470919327810407 0.07718120841309428
1 0.6346153852064162 0.3246644310420379 0.019699812401086092 0.04530201363377273
1 0.5642589123453945 0.29110738390590996 0.023452157620340586 0.048657718347385526
1 0.5187617265619338 0.30117449804674834 0.020637898705899715 0.03859060420654714
1 0.42682926869019866 0.2651006723754108 0.01876172609627247 0.04026845656335354
1 0.4756097565405071 0.22902684670407325 0.01876172609627247 0.03859060420654714
1 0.39024390280246735 0.2684563770890236 0.02439024392515421 0.04362416127696633
1 0.36303939996287227 0.24580537027213722 0.01688555348664522 0.03859060420654714
1 0.311444653198123 0.21979865874163806 0.015009380877017975 0.023489932995289564
1 0.2729831147007644 0.24077181320171803 0.015009380877017975 0.028523490065708756
1 0.3128517826553434 0.24916107498575002 0.017823639791458845 0.028523490065708756
1 0.3433395875617862 0.20637583988718688 0.01688555348664522 0.03355704713612795
1 0.622889306396246 0.2516778535209596 0.03001876175403595 0.04697986599057913
1 0.6791744846850634 0.2625838938402012 0.022514071315526962 0.048657718347385526
1 0.7059099443722516 0.28942953154910356 0.02720450283959508 0.03859060420654714
1 0.7631332089658827 0.28271812212187797 0.023452157620340586 0.05201342306099832
1 0.8414634154178202 0.30117449804674834 0.020637898705899715 0.04530201363377273
1 0.8578799257520586 0.23909396084491163 0.019699812401086092 0.04530201363377273
1 0.9301125712227076 0.2609060414833948 0.019699812401086092 0.05201342306099832
1 0.8958724210970104 0.1979865781031549 0.015009380877017975 0.03355704713612795
1 0.8372420270461589 0.2005033566383645 0.017823639791458845 0.04530201363377273
1 0.8461538469418883 0.18120805453509092 0.013133208267390728 0.02684563770890236
1 0.75469043222256 0.24161073938012123 0.019699812401086092 0.036912751849740744
1 0.7054409012198448 0.22147651109844446 0.01876172609627247 0.04362416127696633
1 0.719981238944456 0.16526845714543015 0.0159474671818316 0.035234899492934346
1 0.7406191376503557 0.1946308733895421 0.017823639791458845 0.036912751849740744
1 0.7720450288616121 0.20889261842239648 0.01688555348664522 0.03859060420654714
1 0.7645403384231031 0.16442953096702695 0.013133208267390728 0.03355704713612795
1 0.784709193976596 0.15184563829097897 0.0159474671818316 0.03859060420654714
1 0.7476547849364579 0.1325503361877054 0.015009380877017975 0.03355704713612795
1 0.7138836779631674 0.1300335576524958 0.015009380877017975 0.028523490065708756
1 0.6890243908856064 0.14681208122055978 0.0159474671818316 0.021812080638483167
1 0.6547842407599092 0.17281879275105894 0.015009380877017975 0.03355704713612795
1 0.6679174490272999 0.21812080638483167 0.026266416534781456 0.04026845656335354
1 0.6289868673775345 0.2030201351735741 0.023452157620340586 0.04026845656335354
1 0.5816135089844465 0.16862416185904294 0.01876172609627247 0.03859060420654714
1 0.5243902443908155 0.18624161160551012 0.01688555348664522 0.036912751849740744
1 0.5028142593801022 0.1912751686759293 0.01688555348664522 0.03355704713612795
1 0.4770168859977275 0.1887583901407197 0.019699812401086092 0.035234899492934346
1 0.44559099478647113 0.18288590689189732 0.020637898705899715 0.03355704713612795
1 0.41463414672762156 0.18288590689189732 0.01688555348664522 0.02684563770890236
1 0.39071294595487416 0.18540268542710692 0.0159474671818316 0.028523490065708756
1 0.37476547877304256 0.18456375924870372 0.014071294572204351 0.02684563770890236
1 0.38602251443080604 0.21812080638483167 0.0159474671818316 0.030201342422515154
1 0.5487804883159697 0.16442953096702695 0.015009380877017975 0.03355704713612795
1 0.5595684808213264 0.14932885975576937 0.014071294572204351 0.02013422828167677
1 0.5211069423239678 0.15352349064778537 0.014071294572204351 0.028523490065708756
1 0.6130394001957029 0.14345637650694698 0.017823639791458845 0.02516778535209596
1 0.6383677304256707 0.11577181261964142 0.014071294572204351 0.030201342422515154
1 0.6796435278374702 0.11912751733325422 0.0159474671818316 0.02684563770890236
1 0.583020638441667 0.12164429586846381 0.014071294572204351 0.028523490065708756
1 0.5619136965833604 0.12164429586846381 0.01688555348664522 0.021812080638483167
1 0.8025328337680548 0.16023490007501096 0.0159474671818316 0.03859060420654714
1 0.8358348975889385 0.14765100739896297 0.01688555348664522 0.02684563770890236
1 0.8832082559820265 0.17030201421584934 0.012195121962577105 0.03187919477932155
