1 0.09523809549864382 0.32781456923112273 0.0186741363722831 0.043046357575803995
1 0.7054155014629941 0.32119205268099904 0.023342670465353876 0.04966887412592769
1 0.7161531298770569 0.26324503286741674 0.0186741363722831 0.03973509930074215
1 0.7740429526311345 0.2855960262240842 0.0186741363722831 0.04139072843827307
1 0.8118580787850078 0.3112582778558135 0.025210084102582186 0.05629139067605138
1 0.9042950538278092 0.32119205268099904 0.017740429553668946 0.03973509930074215
1 0.6176470605132636 0.26076158916112036 0.030812325014267117 0.04470198671333492
1 0.6601307207602076 0.23096026468556374 0.01493930909782648 0.04139072843827307
1 0.5350140070659108 0.33360927121248096 0.01493930909782648 0.031456953613087535
1 0.38935574336210266 0.27400662226136774 0.01493930909782648 0.03476821188814938
1 0.4612511683953926 0.2251655627042055 0.01680672273505479 0.03311258275061846
1 0.5686274525360204 0.1804635759908706 0.01680672273505479 0.02317880792543292
1 0.4070961729157716 0.21771523158531636 0.01680672273505479 0.024834437062963843
