0 0.23547008747118525 0.2967592540080659 0.04871794913196936 0.13981481234077364
0 0.17136752282385714 0.6208333223476075 0.04102564137428999 0.087962961406447
0 0.2754273527680198 0.625925914850086 0.043162393529200926 0.07592592458240688
0 0.5111111154546961 0.175925922812894 0.036752137064468116 0.07777777640148997
0 0.5888888938934542 0.25046295853098854 0.04529914568411186 0.13796296052169055
0 0.6551282106956933 0.17499999690335244 0.03760683792643249 0.08518518367782235
0 0.5826923126442125 0.6814814694225788 0.04230769266723655 0.14629629370756447
0 0.6688034244871233 0.6004629523376934 0.03247863275464624 0.08240740594919771
0 0.7506410320202122 0.6671296178246848 0.0371794874954503 0.13425925688352436
0 0.7826923143438762 0.5787036934634671 0.02435897456598468 0.0685185173060745
0 0.8564102636883035 0.5740740639157593 0.02307692327303812 0.07222222094424069
0 0.8948718024767004 0.6546296180458739 0.033333333616610616 0.14999999734573066
