0 0.26923077151877806 0.3675925860879943 0.017094017239287496 0.0333333327434957
0 0.3087606863846304 0.449999992037192 0.03803418835741468 0.09444444277323782
0 0.37435897754039615 0.4976851763785817 0.05555555602768436 0.12314814596902579
0 0.7820512886974029 0.4657407324993983 0.03589743620250374 0.09259259095415473
0 0.7611111175792757 0.435648140439298 0.030769231030717492 0.07129629503469914
0 0.8450854772672756 0.38888888200744987 0.021794871980091557 0.05185185093432665
0 0.6873931682348484 0.40694443724351004 0.02606837628991343 0.056481480482034385
0 0.6164529966918053 0.39444443746469915 0.032051282323664054 0.05740740639157593
0 0.560897440664121 0.3810185117763467 0.02264957284205593 0.0509259250247851
0 0.5324786370038055 0.3773148081381805 0.01794871810125187 0.04351851774845272
0 0.4779914570535766 0.36944443790707737 0.02606837628991343 0.046296295477077365
0 0.4408119695581263 0.36805554904276505 0.015811965946340933 0.036111110472120345
0 0.41538461891468614 0.3671296231332235 0.014529914653394371 0.03796296229120344
0 0.6623931680223905 0.36805554904276505 0.017094017239287496 0.036111110472120345
0 0.7094017154304311 0.3814814747311175 0.01794871810125187 0.04074074001982808
0 0.5786324835498817 0.3634259194950573 0.013675213791429996 0.036111110472120345
