0 0.13418803532840684 0.4652777695446275 0.023931624135002494 0.04907407320570201
0 0.19807692476024386 0.449999992037192 0.020940171118127182 0.042592591838911176
0 0.230341882299399 0.4291666590725072 0.014529914653394371 0.032407406833954155
0 0.30064102819596883 0.4194444370223209 0.013247863360447809 0.02777777728624642
0 0.3149572676338721 0.4124999927007593 0.011111111205536872 0.021296295919455588
0 0.2173076941544423 0.5374999904888682 0.050000000424915925 0.11018518323544413
0 0.27692307927645743 0.49999999115243554 0.03247863275464624 0.07222222094424069
0 0.3247863275464624 0.470370362047106 0.027350427582859993 0.0685185173060745
0 0.35341880642226897 0.47314813977573067 0.02136752154910937 0.046296295477077365
0 0.37072649887704756 0.45092591794673353 0.013247863360447809 0.04074074001982808
0 0.4952991495083552 0.4148148074746132 0.008547008619643748 0.02037037000991404
0 0.7514957328821765 0.4972222134238109 0.03290598318562843 0.07222222094424069
0 0.7967948785662884 0.4342592515749857 0.017521367670269683 0.03888888820074499
0 0.8487179559306242 0.4444444365799427 0.02136752154910937 0.04444444365799427
0 0.9017094093724154 0.45416665863012895 0.02136752154910937 0.0509259250247851
0 0.8363247934321407 0.5527777679963037 0.041880342236254364 0.11666666460223496
0 0.5957265007891692 0.4287036961177364 0.011965812067501247 0.03888888820074499
0 0.606623936779215 0.4305555479368195 0.014102564222412184 0.042592591838911176
0 0.6224359027255559 0.4324073997559026 0.015811965946340933 0.046296295477077365
0 0.6410256464732811 0.43842591816792265 0.01623931637732312 0.04166666592936963
0 0.6623931680223905 0.4518518438562751 0.023931624135002494 0.05370370275340974
0 0.693162399053108 0.46851851022802293 0.029059829306788743 0.0666666654869914
0 0.7145299206022173 0.4148148074746132 0.011965812067501247 0.025925925467163324
0 0.6989316298713675 0.4097222149721347 0.00982905991259031 0.02685185137670487
0 0.6792735100461869 0.40694443724351004 0.010683760774554685 0.024999999557621777
0 0.38760684090084396 0.43518517748452723 0.020512820687144995 0.046296295477077365
0 0.33034188314923085 0.4143518445198424 0.012820512929465622 0.028703703195787966
