0 0.36474359284329694 0.4162036963389255 0.03461538490955718 0.07870370231103152
0 0.3074786350916838 0.4305555479368195 0.03119658146169968 0.07222222094424069
0 0.2547008568653837 0.4236111036152579 0.027350427582859993 0.05462962866295129
0 0.4532051320566097 0.4370370293036103 0.043162393529200926 0.10555555368773639
0 0.5158119701955002 0.4388888811226934 0.027350427582859993 0.0666666654869914
0 0.6113247915200191 0.44861110317287967 0.050000000424915925 0.1194444423308596
0 0.6717948775039986 0.43981480703223497 0.03589743620250374 0.09074073913507164
0 0.7869658186536981 0.48240739887114614 0.050000000424915925 0.1388888864312321
0 0.8416666738194181 0.4324073997559026 0.03547008577152155 0.09999999823048711
0 0.6256410309579223 0.3634259194950573 0.011965812067501247 0.02685185137670487
