0 0.6181623984157341 0.5287036943482235 0.05940170990652405 0.15925925644114614
0 0.6997863307333319 0.4027777706505731 0.046581196977058426 0.09259259095415473
0 0.745726502063917 0.2916666615055874 0.018803418963216245 0.04444444365799427
0 0.28589743832708336 0.36111110472120345 0.05042735085589811 0.09629629459232092
0 0.42158120016392786 0.3499999938067049 0.03461538490955718 0.0666666654869914
0 0.4976495768787572 0.29074073559604585 0.026923077151877806 0.05370370275340974
0 0.5771367570414441 0.28888888377696276 0.018376068532234058 0.0333333327434957
0 0.5547008594148792 0.18518518190830946 0.013675213791429996 0.025925925467163324
0 0.6228632531565381 0.24814814375713468 0.015811965946340933 0.04074074001982808
0 0.6397435951803345 0.24814814375713468 0.013675213791429996 0.0333333327434957
