1 0.4804166782996617 0.357496909389738 0.06416666822042316 0.1078066936461255
1 0.28875000699190423 0.431226774584502 0.060833334806375206 0.11152416584081948
1 0.37083334231283516 0.2360594843630679 0.04500000108964741 0.07311028649564832
1 0.539166679722257 0.23172243346925825 0.043333334382623434 0.06939281430095434
1 0.5037500121979974 0.15179678128333762 0.020833333837799728 0.038413879345171154
1 0.41083334328141063 0.16728624876122922 0.033333334140479565 0.05452292552217841
1 0.31125000753672794 0.15613383217714727 0.02916666737291962 0.052044610725715756
1 0.22083333868067712 0.1796778227435425 0.031666667433455586 0.05700124031864107
1 0.10375000251224265 0.18091698014177382 0.03583333420101553 0.06443618470802903
1 0.12125000293599442 0.2973977755755186 0.04750000115018338 0.08426270307973027
1 0.027916667342651635 0.5000000101863407 0.05416666797827929 0.14250310079660267
1 0.7220833508181386 0.35315985849592835 0.050833334564231336 0.09417596226558089
1 0.6637500160722993 0.22304833168163896 0.04083333432208747 0.06939281430095434
1 0.24875000602332875 0.27757125720381737 0.04083333432208747 0.052044610725715756
1 0.8041666861390695 0.37732342776143923 0.1150000027846545 0.2664188406197354
