1 0.23932612444332335 0.8535879693226889 0.12422839130158536 0.24344135983847082
1 0.40239196312904824 0.7243441411992535 0.10108024385408498 0.1871141989249736
1 0.49254113735514693 0.6903935236623511 0.07767489476827905 0.13464506273157895
1 0.1329732470039744 0.6610725357895717 0.07716049149166793 0.1230709885712713
1 0.18197015910118353 0.5835262389155105 0.04192386704380624 0.10300926002673805
1 0.2682613087526988 0.5976080291438848 0.04938271455466747 0.09259259328246117
1 0.3717849681706866 0.5597993868868798 0.04912551291636191 0.0717592597939074
1 0.44585904000268783 0.5443672880064696 0.04140946376719512 0.08179012406617403
1 0.5667438100063009 0.6496913628652692 0.057870368618750945 0.10802469216287136
1 0.6283436023804825 0.5497685226146132 0.0421810686821118 0.07716049440205097
1 0.5136316716962028 0.5663580289110541 0.048353908001445234 0.08410493889823556
1 0.5622427813359536 0.5198688310338184 0.027777776937000453 0.04976851888932288
1 0.5882201468048152 0.4971064851852134 0.026748970383778214 0.05054012383334339
1 0.02147633679851424 0.5623071029549465 0.04243827032041736 0.08217592653818429
1 0.058513372714514844 0.4845679048448801 0.04038065721397288 0.07021604990586638
1 0.14621913137671072 0.4789737690007314 0.0383230441075284 0.04899691394530237
1 0.21874999337887857 0.5154321026057005 0.046039093256695196 0.06250000046566129
1 0.8473507973976666 0.3973765461705625 0.057870368618750945 0.10570987733080983
1 0.6493055359023856 0.48206018877681345 0.015174896660028026 0.04050925956107676
1 0.37924381568154786 0.46238426270429045 0.024434155639028177 0.05054012383334339
1 0.4115226212888956 0.4625771639402956 0.0210905343410559 0.037808642257004976
1 0.4365997810236877 0.4332561760675162 0.018775719596305862 0.03703703731298447
1 0.33449073061638046 0.46296296641230583 0.023919752362417057 0.042438271921128035
1 0.29552468241308816 0.45331790461204946 0.02211934089427814 0.03703703731298447
1 0.5883487476239679 0.44965278112795204 0.018775719596305862 0.03279321012087166
1 0.5615997772401897 0.46604938618838787 0.017746913043083623 0.02932098787277937
1 0.5363940166862449 0.4731867319205776 0.017746913043083623 0.03202160517685115
1 0.5180040995473973 0.4888117320369929 0.02263374417088926 0.037808642257004976
1 0.4825102734612301 0.4803240776527673 0.02211934089427814 0.040123457089066505
1 0.5051440176321194 0.45196759596001357 0.015432098298333585 0.03433642000891268
1 0.10956789791816846 0.40393518819473684 0.019032921234611422 0.03626543236896396
1 0.07021604725741781 0.4101080277469009 0.018004114681389183 0.037808642257004976
1 0.08744855702389032 0.38638117571827024 0.017489711404778063 0.03510802495293319
1 0.1534207772492664 0.3825231509981677 0.017746913043083623 0.03202160517685115
1 0.23109567201754544 0.40470679313875735 0.018775719596305862 0.03086419776082039
1 0.1304012306209188 0.39004629920236766 0.017489711404778063 0.0316358027048409
1 0.45910492437542416 0.4839892011368647 0.02211934089427814 0.03510802495293319
1 0.2772633660933934 0.5169753124937415 0.036008229362778366 0.04629629664123058
