1 0.13469184294808656 0.37323942966759205 0.032803179463371634 0.08098591398447752
1 0.1794234513072297 0.34419013443402946 0.032803179463371634 0.06161971716210246
1 0.5730616048676893 0.2913732340093702 0.0248508935328573 0.04753521038219333
1 0.609343909425661 0.2614436571020633 0.01988071482628584 0.044014083687216043
1 0.6833995721535757 0.25880281208083034 0.01491053611971438 0.045774647034704685
1 0.6500993748195469 0.22271126345731318 0.023856857791543007 0.036971830297261477
1 0.7509940025629476 0.2781690089032054 0.018886679084971547 0.04929577372968197
1 0.8011928074993193 0.28873238898813725 0.017892643343657255 0.05281690042465925
1 0.8499005588237196 0.3327464726753533 0.01988071482628584 0.04929577372968197
1 0.91600393562112 0.37323942966759205 0.01491053611971438 0.05985915381461382
1 0.8697812736500055 0.3001760507468134 0.023856857791543007 0.04753521038219333
1 0.4985089242691174 0.21390844671986997 0.016898607602342963 0.04049295699223876
1 0.4473160835914314 0.21654929174110293 0.013916500378400087 0.03169014025479555
1 0.4229622079292312 0.26760562881827354 0.016898607602342963 0.04929577372968197
1 0.3717693672515452 0.2623239387758076 0.02584492927417159 0.03873239364475012
1 0.752485056174919 0.2024647849611938 0.021868786308914423 0.035211266949772835
1 0.7007951976265758 0.16285210964269936 0.01988071482628584 0.022887323517352343
1 0.7097415192984045 0.19982393993996084 0.013916500378400087 0.02992957690730691
1 0.5790258193155751 0.11971830762922764 0.010934393154457211 0.024647886864840984
1 0.5283299965085462 0.15669013792648911 0.01491053611971438 0.0211267601698637
1 0.5357852645684034 0.1980633765924722 0.01590457186102867 0.03345070360228419
1 0.5114313889062032 0.1945422498974949 0.016898607602342963 0.036971830297261477
1 0.48061628092546016 0.18485915148630738 0.016898607602342963 0.03169014025479555
1 0.46520872693508863 0.1390845044516027 0.017892643343657255 0.03169014025479555
1 0.44035783340223134 0.17517605307511985 0.01590457186102867 0.022887323517352343
1 0.4184890470933169 0.15669013792648911 0.017892643343657255 0.028169013559818268
1 0.3976142965257168 0.1980633765924722 0.023856857791543007 0.02992957690730691
1 0.616302159614861 0.16813379968516529 0.01590457186102867 0.026408450212329626
1 0.6187872489681467 0.14084506779909134 0.01491053611971438 0.028169013559818268
1 0.67743535770569 0.11707746260799468 0.010934393154457211 0.01936619682237506
1 0.8503975766943768 0.15669013792648911 0.010934393154457211 0.0211267601698637
1 0.844433362246491 0.23767605191096663 0.01491053611971438 0.03169014025479555
