1 0.48925235142814927 0.7412935150787234 0.21401869814144447 0.310945266392082
1 0.058878506475593895 0.6013681452022865 0.11588785401545465 0.2773631776217371
1 0.30700935519416817 0.45957710372749716 0.0925233673187904 0.17039800598286092
1 0.05140187073266134 0.22699004446621984 0.054205609136261046 0.09079601778648794
1 0.24485982058104128 0.31467660958878696 0.06542056275065988 0.12189054442569613
1 0.54626169896801 0.348880588891916 0.07570093689719215 0.10323382844217122
1 0.790654229815118 0.3121890474576503 0.08785046997945756 0.15671641426160932
1 0.8892523636750411 0.265547257498838 0.06261682434706017 0.11815920122899115
1 0.6471962814975996 0.27176616282667965 0.06635514221852645 0.11318407696671784
1 0.35981309512862936 0.2624378048349172 0.059813085943460464 0.09701492311432958
1 0.48925235142814927 0.23320894979406148 0.057009347539860755 0.0982587041798979
1 0.6046729157096706 0.17972636397462338 0.04485981445759535 0.07338308286853135
1 0.6785046936711296 0.43905471614561975 0.10841121827252209 0.17164178704842925
