1 0.8294884713832289 0.35968029202194884 0.02407221682369709 0.04795737226959318
1 0.8460381204495206 0.30373002437409014 0.01905717165209353 0.053285969188436866
1 0.9017051218543202 0.323268213076517 0.020060180686414242 0.049733571242541075
1 0.9257773386780173 0.2806394377257675 0.018054162617772818 0.053285969188436866
1 0.9252758341608569 0.23712256288854405 0.021063189720734954 0.0408525763778016
1 0.8841524637537077 0.23712256288854405 0.023069207789376378 0.0408525763778016
1 0.7853560738731176 0.2637655474827625 0.018054162617772818 0.04440497432369739
1 0.8124373177997768 0.24689165723975748 0.018054162617772818 0.0390763774048537
1 0.7848545693559572 0.20159858342958614 0.01905717165209353 0.037300178431905806
1 0.7678034157725051 0.18561279267305508 0.013039117446169257 0.030195382540114224
1 0.7196589821251109 0.23534636391559616 0.017051153583452106 0.033747780486010015
1 0.7372116402257234 0.3641207894543186 0.02407221682369709 0.05683836713433266
1 0.6810431343037635 0.34280640177894384 0.026078234892338514 0.053285969188436866
1 0.6604814491001889 0.271758442861028 0.023069207789376378 0.049733571242541075
1 0.63390170969069 0.24511545826680958 0.020060180686414242 0.04262877535074949
1 0.6188565741758794 0.2939609300228767 0.02808425296097994 0.05861456610728055
1 0.5877632941119373 0.2753108408069238 0.022066198755055666 0.046181173296645284
1 0.5927783392835408 0.24245115980738774 0.02407221682369709 0.05861456610728055
1 0.5235707159154117 0.2770870397798717 0.03811434330418706 0.049733571242541075
1 0.5546639959793538 0.1802841957542114 0.016048144549131393 0.026642984594218433
1 0.5621865637367591 0.15364121115999296 0.015045135514810681 0.033747780486010015
1 0.5867602850776166 0.11012433632276952 0.008024072274565697 0.021314387675374746
1 0.6364092322764918 0.15008881321409717 0.015045135514810681 0.026642984594218433
1 0.6328987006563693 0.10124334145803005 0.012036108411848545 0.024866785621270537
1 0.6544633948942646 0.10213144094450399 0.013039117446169257 0.023090586648322642
1 0.7532597847748548 0.12522202759282663 0.01404212648048997 0.033747780486010015
1 0.7407221718458459 0.16873890243005008 0.015045135514810681 0.021314387675374746
1 0.7051153511274606 0.1616341065382585 0.012036108411848545 0.024866785621270537
1 0.7241725227795541 0.13676732091698796 0.01404212648048997 0.024866785621270537
1 0.7627883706009015 0.1376554204034619 0.013039117446169257 0.026642984594218433
1 0.7868605874245986 0.15896980807883665 0.007021063240244985 0.01953818870242685
1 0.8059177590766922 0.19271758856484666 0.011033099377527833 0.026642984594218433
1 0.8219659036258236 0.16518650448415428 0.011033099377527833 0.02841918356716633
1 0.839518561726436 0.21225577726727352 0.01404212648048997 0.030195382540114224
1 0.8525576791726053 0.1838365937001072 0.01404212648048997 0.030195382540114224
1 0.8645937875844538 0.19182948907837272 0.01404212648048997 0.02841918356716633
1 0.890170517959632 0.1989342849701643 0.015045135514810681 0.02841918356716633
1 0.8796389230992645 0.14742451475467533 0.010030090343207121 0.02841918356716633
1 0.9388164561241865 0.21314387675374746 0.010030090343207121 0.03197158151306212
1 0.9332999064354226 0.1802841957542114 0.013039117446169257 0.023090586648322642
1 0.6670010078232735 0.21047957829432562 0.018054162617772818 0.033747780486010015
1 0.6975927833700553 0.20159858342958614 0.017051153583452106 0.033747780486010015
1 0.31444333225954324 0.23268206545617431 0.015045135514810681 0.02841918356716633
1 0.346539621357806 0.20337478240253404 0.013039117446169257 0.01598579075653106
1 0.40672016341704875 0.1989342849701643 0.013039117446169257 0.024866785621270537
1 0.44082247058395296 0.21225577726727352 0.011033099377527833 0.023090586648322642
1 0.48896690423134714 0.238010662375018 0.017051153583452106 0.02841918356716633
1 0.41825476731173694 0.1785079967812635 0.016048144549131393 0.026642984594218433
1 0.4709127416135743 0.14920071372762322 0.011033099377527833 0.021314387675374746
1 0.46589769644197077 0.13143872399814427 0.013039117446169257 0.024866785621270537
1 0.49799398554023355 0.13055062451167032 0.011033099377527833 0.01953818870242685
1 0.5245737249497324 0.1616341065382585 0.01404212648048997 0.02841918356716633
1 0.5376128423959017 0.1394316193764098 0.012036108411848545 0.023090586648322642
1 0.5285857610870153 0.11989343067398295 0.01404212648048997 0.030195382540114224
1 0.5105315984692425 0.11456483375513926 0.010030090343207121 0.023090586648322642
1 0.5967903754208237 0.17051510140299797 0.01404212648048997 0.02841918356716633
1 0.6213640967616811 0.14209591783583164 0.013039117446169257 0.02841918356716633
1 0.698595792404376 0.12877442553872243 0.011033099377527833 0.026642984594218433
