0 0.9002136828639777 0.3634259194950573 0.019230769394198433 0.052777776843868196
0 0.8397435968799982 0.3597222158568911 0.02136752154910937 0.04537036956753582
0 0.768589750121464 0.3833333265502006 0.023504273704020306 0.04074074001982808
0 0.6985042794403853 0.37499999336432666 0.019230769394198433 0.04814814729616046
0 0.6737179544434184 0.3671296231332235 0.014102564222412184 0.03796296229120344
0 0.6350427404395305 0.3847222154145129 0.017094017239287496 0.03796296229120344
0 0.6108974410890369 0.3703703638166189 0.013247863360447809 0.0333333327434957
0 0.5801282100583194 0.36620369722368196 0.018376068532234058 0.04537036956753582
0 0.5572649620007724 0.38379628950497136 0.013675213791429996 0.03055555501487106
0 0.49957265381817706 0.3777777710929513 0.01794871810125187 0.03888888820074499
0 0.4209401745174546 0.39629628928378224 0.01623931637732312 0.04074074001982808
0 0.4433760721440194 0.362037030630745 0.016666666808305308 0.0333333327434957
0 0.15470085601555184 0.4078703631530516 0.01965811982518062 0.03425925865303725
0 0.2032051299320301 0.4078703631530516 0.018376068532234058 0.036111110472120345
0 0.22841880535997916 0.40833332610782236 0.012393162498483434 0.03148148092441261
0 0.24529914738377556 0.4115740667912178 0.017094017239287496 0.04166666592936963
0 0.2940170965157449 0.4018518447410315 0.01965811982518062 0.03888888820074499
0 0.26623931850190274 0.3796296229120344 0.017094017239287496 0.03148148092441261
0 0.18824786484765355 0.4018518447410315 0.01153846163651906 0.0333333327434957
0 0.3395299174153479 0.3861111042788252 0.014957265084376559 0.029629629105329514
0 0.3591880372405285 0.39999999292194843 0.019230769394198433 0.03888888820074499
0 0.3891025674092816 0.38009258586680517 0.014102564222412184 0.03055555501487106
0 0.40534188378660474 0.3773148081381805 0.013247863360447809 0.03055555501487106
0 0.3756410288333427 0.3634259194950573 0.011111111205536872 0.021296295919455588
0 0.6482906037999783 0.3569444381282665 0.012820512929465622 0.03425925865303725
0 0.7179487240500748 0.3828703635954298 0.017094017239287496 0.03055555501487106
