1 0.02819698236999102 0.4245809931308031 0.019857029838021845 0.044692736119031906
1 0.45274028030689806 0.41061451309360564 0.022239873418584466 0.04189944011159241
1 0.531771259062225 0.4043295970768668 0.021445592225063592 0.054469272145070136
1 0.5238284471270163 0.35195529693737626 0.019857029838021845 0.04189944011159241
1 0.5480540235294029 0.28072624874766916 0.015885623870417476 0.03351955208927393
1 0.5957108951406553 0.35963686095783487 0.01906274864450097 0.04329608811531216
1 0.6405877825745847 0.3673184249782935 0.02303415461210534 0.0474860321264714
1 0.6719618897186592 0.35474859294481575 0.017474186257459223 0.044692736119031906
1 0.594519473350374 0.41829607711406425 0.026211279386188835 0.05167597613763064
1 0.6584591094288044 0.4399441211717203 0.022239873418584466 0.05307262414135039
1 0.6934074819437228 0.474860321264714 0.028594122966751456 0.07541899220086634
1 0.7100873870076612 0.3938547370489687 0.01906274864450097 0.050279328133910894
1 0.7688641953282058 0.4120111610973254 0.017474186257459223 0.050279328133910894
1 0.8204924729070626 0.43924579716986045 0.022239873418584466 0.05726256815250963
1 0.7958697559079155 0.5027932813391089 0.023828435805626214 0.05865921615622938
1 0.7911040687467903 0.36243015696527436 0.02065131103154272 0.04329608811531216
1 0.8403495027450845 0.3777932850061916 0.017474186257459223 0.04608938412275165
1 0.8888006555498578 0.4643854612368159 0.02065131103154272 0.05167597613763064
1 0.8800635624211282 0.3903631170396693 0.022239873418584466 0.04888268013019115
1 0.8570294078090228 0.34986032493179664 0.01906274864450097 0.03491620009299368
1 0.9086576853878796 0.3484636769280769 0.015885623870417476 0.03491620009299368
1 0.8943606239045039 0.32053071685368195 0.017474186257459223 0.03770949610043317
1 0.8625893761636689 0.3191340688499622 0.017474186257459223 0.026536312070675194
1 0.8212867541005835 0.30516758881276473 0.01270849909633398 0.02932960807811469
1 0.8030182866496034 0.3002793207997456 0.022239873418584466 0.03351955208927393
1 0.8292295660357922 0.27863127674208954 0.014297061483375728 0.026536312070675194
1 0.8204924729070626 0.2527932886732742 0.01270849909633398 0.025139664066955447
1 0.8375695185677614 0.2618715006974526 0.011914217902813107 0.02932960807811469
1 0.8741064534697216 0.28142457274952903 0.015091342676896602 0.02932960807811469
1 0.8510722988576163 0.2479050206602551 0.011914217902813107 0.02932960807811469
1 0.2291501243307721 0.33938546490389854 0.008737093128729612 0.025139664066955447
1 0.28474980787723325 0.30237429280532524 0.013502780289854854 0.018156424048356712
1 0.25655282550724223 0.370111720985733 0.014297061483375728 0.03910614410415292
1 0.2875297920545563 0.3805865810136311 0.014297061483375728 0.026536312070675194
1 0.3316123982949648 0.35474859294481575 0.02303415461210534 0.04189944011159241
1 0.3510722875362262 0.29120110877556726 0.014297061483375728 0.026536312070675194
1 0.4007148621312808 0.34217876091133803 0.011914217902813107 0.030726256081834435
1 0.3764892857288942 0.3268156328704208 0.01270849909633398 0.030726256081834435
1 0.40548054929240607 0.2960893767885864 0.015091342676896602 0.022346368059515953
1 0.4003177215345204 0.27025138871977106 0.009531374322250485 0.020949720055796206
1 0.44201748419436626 0.26536312070675194 0.015091342676896602 0.030726256081834435
1 0.42057189196930267 0.24720669665839523 0.011914217902813107 0.025139664066955447
1 0.3844320976641029 0.2583798806881532 0.014297061483375728 0.02793296007439494
1 0.44598889016197063 0.3351955208927393 0.018268467450980097 0.036312848096713424
1 0.49483718356350437 0.3198323928518221 0.015885623870417476 0.030726256081834435
1 0.5027799954987131 0.26745809271233156 0.01270849909633398 0.026536312070675194
1 0.5281969936913811 0.2667597687104717 0.014297061483375728 0.02793296007439494
1 0.4682287635805551 0.26745809271233156 0.013502780289854854 0.02932960807811469
1 0.45790310806478374 0.23812848463421687 0.015091342676896602 0.026536312070675194
1 0.5750595841091126 0.25977652869187295 0.015885623870417476 0.030726256081834435
1 0.5849880990281235 0.24371507664909586 0.018268467450980097 0.02932960807811469
1 0.5901509267860092 0.21787708858028054 0.01270849909633398 0.02793296007439494
1 0.519062759965891 0.23324021662119776 0.019857029838021845 0.022346368059515953
1 0.6147736437851563 0.29888267279602587 0.01270849909633398 0.030726256081834435
1 0.6223193151236046 0.24581004865467548 0.013502780289854854 0.02793296007439494
1 0.6632247965899296 0.2667597687104717 0.014297061483375728 0.025139664066955447
1 0.7092931058141403 0.28351954475510865 0.015885623870417476 0.022346368059515953
1 0.7521842902642675 0.28142457274952903 0.009531374322250485 0.02932960807811469
1 0.7196187613299116 0.25977652869187295 0.009531374322250485 0.030726256081834435
1 0.7279587138618808 0.2402234566397965 0.01032565551577136 0.025139664066955447
1 0.6846703888149932 0.2192737365840003 0.017474186257459223 0.02793296007439494
1 0.689038935379358 0.25418993667699397 0.015091342676896602 0.03351955208927393
1 0.6628276559931692 0.22835194860817865 0.015091342676896602 0.02932960807811469
1 0.6449563291389495 0.21229049656540155 0.014297061483375728 0.01955307205207646
