1 0.6936656581237912 0.31700554938288406 0.024922119453549385 0.049907579203136265
1 0.762720697443001 0.3558225554297678 0.025960541097447276 0.06099815235938877
1 0.7995846658013761 0.2902033309219405 0.024922119453549385 0.05545286578126252
1 0.8302181042963639 0.25138632487505674 0.021806854521855712 0.05175600806251168
1 0.9117342033423483 0.36044362757820636 0.016614746302366257 0.05545286578126252
1 0.9309450037544593 0.2550831825938076 0.017653167946264148 0.04805915034376085
1 0.8951194570399821 0.23382625071099028 0.014537903014570475 0.03881700604688376
1 0.7990654549794272 0.20609981782035902 0.015576324658468366 0.03142329060938209
1 0.7741433355258778 0.25231053930474445 0.023883697809651494 0.03142329060938209
1 0.7320872589480132 0.23752310842974111 0.01869158959016204 0.03881700604688376
1 0.75337490264792 0.19593345909379423 0.01973001123405993 0.029574861750006676
1 0.74350989703089 0.15711645304691046 0.012461059726774693 0.029574861750006676
1 0.7154725126456469 0.17929759935941547 0.016614746302366257 0.04066543490625918
1 0.6874351282604039 0.256931611453183 0.01869158959016204 0.04066543490625918
1 0.6349948352435604 0.2476894671563059 0.01973001123405993 0.03327171946875751
1 0.5877466504462063 0.23197782185161486 0.01869158959016204 0.04621072148438543
1 0.6599169546971098 0.17467652721097693 0.015576324658468366 0.03142329060938209
1 0.6401869434630498 0.1515711664687842 0.013499481370672584 0.02587800403125584
1 0.73364489141386 0.1404805933125317 0.017653167946264148 0.03327171946875751
1 0.7902388710062951 0.16635859734378755 0.008307373151183128 0.02587800403125584
1 0.8328141584061086 0.16820702620316297 0.01038421643897891 0.02587800403125584
1 0.8561786453938112 0.20702403225004673 0.013499481370672584 0.02587800403125584
1 0.8701973375864327 0.1811460282187909 0.012461059726774693 0.036968577187508345
1 0.8966770895058289 0.1820702426484786 0.011422638082876801 0.024029575171880424
1 0.9106957816984504 0.16728281177347526 0.01038421643897891 0.024029575171880424
1 0.934060268686153 0.2024029601016082 0.015576324658468366 0.02772643289063126
1 0.9091381492326036 0.14232902217190713 0.013499481370672584 0.02587800403125584
1 0.4402907770127058 0.24121996614849195 0.014537903014570475 0.03142329060938209
1 0.38369679742027074 0.25046211044536904 0.015576324658468366 0.02772643289063126
1 0.37019731604959816 0.22828096413286403 0.013499481370672584 0.03142329060938209
1 0.34839046152774245 0.21626617654692382 0.013499481370672584 0.036968577187508345
1 0.3250259745400399 0.21719039097661152 0.012461059726774693 0.02772643289063126
1 0.29595016851089895 0.22828096413286403 0.012461059726774693 0.02772643289063126
1 0.27310489234514534 0.23012939299223945 0.014537903014570475 0.03142329060938209
1 0.34267914248630404 0.17375231278128922 0.016614746302366257 0.02587800403125584
1 0.4631360531784594 0.20147874567192048 0.012461059726774693 0.022181146312505007
1 0.4366563012590632 0.2042513889609836 0.015576324658468366 0.02772643289063126
1 0.4086189168738201 0.1598890963359736 0.011422638082876801 0.03512014832813293
1 0.38369679742027074 0.2042513889609836 0.015576324658468366 0.02772643289063126
1 0.37694705673493445 0.16820702620316297 0.01038421643897891 0.02587800403125584
1 0.4402907770127058 0.15249538089847192 0.014537903014570475 0.02772643289063126
1 0.4844236968783662 0.14232902217190713 0.011422638082876801 0.02587800403125584
1 0.49221185920760036 0.17744917050004005 0.016614746302366257 0.029574861750006676
1 0.5218068760586902 0.17560074164066464 0.011422638082876801 0.029574861750006676
1 0.552959525375627 0.1811460282187909 0.011422638082876801 0.029574861750006676
1 0.5379024115391076 0.15711645304691046 0.008307373151183128 0.014787430875003338
1 0.5835929638706148 0.16266173962503672 0.016614746302366257 0.029574861750006676
1 0.5970924452412874 0.15804066747659817 0.014537903014570475 0.02772643289063126
1 0.5695742716779932 0.13678373559378088 0.00934579479508102 0.022181146312505007
1 0.5456905738683417 0.1275415912969038 0.013499481370672584 0.022181146312505007
1 0.5119418704416603 0.14695009432034567 0.01869158959016204 0.024029575171880424
1 0.6458982625044882 0.10905730270314962 0.01038421643897891 0.02587800403125584
1 0.6375908893533051 0.10998151713283733 0.014537903014570475 0.02033271745312959
1 0.7087227719603106 0.1072088738437742 0.011422638082876801 0.022181146312505007
1 0.7829699194990098 0.12384473357815295 0.008307373151183128 0.02587800403125584
1 0.8229491527890787 0.13401109230471775 0.011422638082876801 0.02772643289063126
