0 0.5401709447614849 0.49814813933335245 0.03418803447857499 0.08518518367782235
0 0.4506410294707166 0.4638888806803152 0.04145299180527218 0.09629629459232092
0 0.38525641353044193 0.4291666590725072 0.02948717973777093 0.07314814685378224
0 0.3566239346546354 0.43842591816792265 0.02606837628991343 0.06574073957744986
0 0.31965812237467617 0.4513888809015043 0.04102564137428999 0.09166666504461318
0 0.23995726699649822 0.4583333252230659 0.03803418835741468 0.08703703549690545
0 0.17735042885760777 0.4657407324993983 0.03162393189268187 0.07407407276332378
0 0.22136752324877307 0.42777777020819485 0.022222222411073744 0.06296296184882522
0 0.19380342045042198 0.31018517969641834 0.026923077151877806 0.0666666654869914
0 0.28568376311159227 0.29768517991760746 0.020085470256162807 0.05462962866295129
0 0.3583333363785641 0.31342592037981376 0.023504273704020306 0.05833333230111748
0 0.42136752494843677 0.3124999944702722 0.02478632499696687 0.04537036956753582
0 0.4431623969285283 0.39444443746469915 0.02307692327303812 0.05555555457249284
0 0.4916666708450066 0.42407406657002866 0.02264957284205593 0.05370370275340974
0 0.5423076969163958 0.40138888178626075 0.01623931637732312 0.05462962866295129
0 0.5271367566165281 0.3921296226908453 0.019230769394198433 0.07129629503469914
0 0.5692307740682736 0.4291666590725072 0.03247863275464624 0.0842592577682808
0 0.6303418856987264 0.4074074001982808 0.026495726720895618 0.0685185173060745
0 0.6527777833252912 0.4342592515749857 0.03119658146169968 0.0703703691251576
0 0.6711538518575253 0.4041666595148854 0.018376068532234058 0.06203703593928367
0 0.6884615443123039 0.4305555479368195 0.028205128444824368 0.07222222094424069
0 0.7269230831007008 0.3953703633742407 0.022222222411073744 0.06111111002974212
0 0.7861111177917337 0.4078703631530516 0.030341880599735305 0.06203703593928367
0 0.713888894955744 0.484722213645 0.04230769266723655 0.08240740594919771
0 0.6711538518575253 0.5064814725192264 0.03888888921937905 0.10555555368773639
0 0.791452998179011 0.5273148054839112 0.04957264999393374 0.11574073869269341
0 0.8651709475234384 0.48194443591637537 0.03290598318562843 0.09351851686369628
1 0.8938034263992449 0.543981471855659 0.03119658146169968 0.12870370142627507
0 0.501709405973088 0.31018517969641834 0.022222222411073744 0.05370370275340974
0 0.5886752186779631 0.31851851288229227 0.016666666808305308 0.03888888820074499
0 0.6017094068229198 0.3194444387918338 0.011965812067501247 0.03148148092441261
0 0.6292735096212709 0.5143518427503295 0.04145299180527218 0.13055555324535817
0 0.29722222474811133 0.4370370293036103 0.014957265084376559 0.0685185173060745
