1 0.7594975758984219 0.7532679826254025 0.10232843499397859 0.1413398709264584
1 0.22809437081741635 0.6527777853771113 0.09099265027907677 0.13480392313795164
1 0.3399203551671235 0.5500408560765209 0.07138480644789524 0.10334967440576293
1 0.11580882762791589 0.5890522944391705 0.07965686556417495 0.12908496882300824
1 0.05208333517657593 0.506331705240882 0.046568629099056125 0.07720588325173594
1 0.13020833794143982 0.5061274568724912 0.05514706077519804 0.06454248441150412
1 0.14001225985703059 0.4303513121994911 0.03921568766236305 0.06004902030690573
1 0.17677696704049595 0.4728349728247849 0.03921568766236305 0.06821895504253916
1 0.23606005737383384 0.4309640573046636 0.04136029558139853 0.06372549093794078
1 0.3002451086649671 0.4448529463552404 0.04105392302153632 0.055555556202307343
1 0.3598345715581672 0.44607843656558543 0.037683824863051996 0.0661764713586308
1 0.22227329218003433 0.5394199409201974 0.0621936296520289 0.0878267984080594
1 0.40058212201984134 0.4487336653546663 0.03155637366580777 0.06413398767472245
1 0.46323531051166356 0.3625408538937336 0.037377452303189784 0.06903594851610251
1 0.5094975670508575 0.41074346883397084 0.030024510866496712 0.06004902030690573
1 0.46798408518952783 0.46262255440524314 0.037683824863051996 0.07312091588391922
1 0.5669424220250221 0.4824346461391542 0.04932598213781603 0.08660130819771439
1 0.5055147237726487 0.6535947788506746 0.05759804125409573 0.11029411893105134
1 0.9529718474514084 0.5535130783391651 0.07628676740569063 0.10702614503679797
1 0.7356005162291694 0.4993872607155936 0.05269608029630035 0.0878267984080594
1 0.866881158130127 0.48999183576961514 0.05729166869423352 0.09272875924943946
1 0.6018688938493142 0.4685457570885774 0.030330883426358923 0.07271241914713755
1 0.6507353171473369 0.39950980857247487 0.0269607852678746 0.053104575781617314
1 0.6179534532420803 0.40216503736155573 0.028186275507323444 0.04697712472989224
1 0.977022093400592 0.451593142512138 0.0459558839793317 0.06740196156897582
1 0.9407169450569199 0.3984885667305207 0.03829656998277642 0.05514705946552567
1 0.9030331201938679 0.3790849717333913 0.030330883426358923 0.048202614940237254
1 0.8547794420155697 0.4109477172023617 0.03921568766236305 0.0490196084138006
1 0.803155665678787 0.4305555605678819 0.035232844384154305 0.06454248441150412
1 0.7549019875004888 0.40625000472937245 0.034926471824292094 0.05678104641265236
1 0.7081801721215015 0.39195261894201394 0.030943628546083346 0.05433006599196233
1 0.4918811448587803 0.4624183060368523 0.011948529834626243 0.045751634519547224
1 0.48774511530064046 0.7877859568834538 0.04718137421878055 0.1482843154517468
