0 0.29017094263690524 0.39814814110286534 0.03418803447857499 0.08518518367782235
0 0.10705128296103794 0.4060185113339685 0.04145299180527218 0.10462962777819484
0 0.21538461721502244 0.4115740667912178 0.06239316292339936 0.14722221961710602
0 0.36794872107566334 0.43796295521315187 0.04786324827000499 0.12777777551673353
0 0.42264957624138333 0.3532407344901003 0.028205128444824368 0.07129629503469914
0 0.46581196977058426 0.4203703629318625 0.04615384654607624 0.12407407187856734
0 0.5431623977783602 0.4023148076958023 0.041880342236254364 0.11203703505452722
0 0.5957265007891692 0.3953703633742407 0.035042735340539366 0.08518518367782235
0 0.7055555615515914 0.3740740674547851 0.03931623965036124 0.09814814641140401
0 0.8403846225264715 0.3703703638166189 0.03974359008134343 0.08518518367782235
