1 0.42105263471603394 0.2868020245805383 0.017543859779834747 0.032148899510502815
1 0.4571150131523609 0.22335024923086166 0.01949317753314972 0.03384094685316086
1 0.6603313889354467 0.28257190622389317 0.02631578966975212 0.0473773255944252
1 0.6798245664685965 0.22588832024484873 0.02436647191643715 0.03891708888113499
1 0.7636452298611403 0.25042300671339035 0.020467836409807205 0.0473773255944252
1 0.802144255489111 0.2952622612938285 0.023391813039779663 0.04230118356645107
1 0.7938596550375223 0.19458544440567493 0.018518518656492233 0.03384094685316086
1 0.8440545871853828 0.21912013087421656 0.01949317753314972 0.025380710139870644
1 0.8611111175268888 0.19204737339168787 0.01461988314986229 0.032148899510502815
1 0.8913255427032709 0.23096446227282286 0.022417154163122177 0.04568527825176716
1 0.9800195004791021 0.16412859223783016 0.01656920090317726 0.0473773255944252
1 0.5901559498161077 0.16412859223783016 0.018518518656492233 0.03384094685316086
1 0.5560428891330957 0.14720811881124973 0.012670565396547318 0.027072757482528687
1 0.5277777817100286 0.14720811881124973 0.018518518656492233 0.027072757482528687
1 0.5355750527232885 0.22165820188820362 0.018518518656492233 0.030456852167844772
1 0.4897660855203867 0.20981387048959732 0.008771929889917374 0.030456852167844772
1 0.34161793626844883 0.2284263912588358 0.010721247643232346 0.01692047342658043
