1 0.580406661843881 0.24342105444520712 0.02033271745312959 0.03947368450462818
1 0.6746765336720273 0.3453947394154966 0.022181146312505007 0.03947368450462818
1 0.7601663684181403 0.3700657922308892 0.023105360742192715 0.05263157933950424
1 0.7301293994532898 0.3610197395319119 0.029574861750006676 0.06085526361130178
1 0.7744916920782998 0.28371710737701505 0.022181146312505007 0.04769736877642572
1 0.7324399355275091 0.2648026335518807 0.024953789601568133 0.04934210563078523
1 0.7527726529806387 0.23519737017340958 0.024953789601568133 0.0427631582133472
1 0.8026802321837749 0.2557565808529034 0.021256931882817298 0.03453947394154966
1 0.7777264425822068 0.1957236856687814 0.017560074164066464 0.0427631582133472
1 0.8322550939337816 0.1957236856687814 0.015711645304691046 0.0427631582133472
1 0.8525878113869112 0.16282894858159125 0.01386321644531563 0.03947368450462818
1 0.7144177541485988 0.20230263308621943 0.018484288593754172 0.029605263378471136
1 0.65341960178921 0.17680921184364706 0.02033271745312959 0.02796052652411163
1 0.5642329093243461 0.18256579083390534 0.017560074164066464 0.029605263378471136
1 0.5475970495899674 0.19078947510570288 0.017560074164066464 0.036184210795909166
1 0.46580407256260514 0.22861842275597155 0.02033271745312959 0.03289473708719015
1 0.4371534252422862 0.24259868601802737 0.014787430875003338 0.024671052815392613
1 0.444085033464944 0.18750000139698386 0.015711645304691046 0.029605263378471136
1 0.659889102797024 0.11430921137798578 0.011090573156252503 0.0213815791066736
1 0.6899260717618745 0.10690789553336799 0.01386321644531563 0.02631578966975212
1 0.7458410447579809 0.12253289564978331 0.01293900201562792 0.02796052652411163
1 0.8280961290001869 0.14555921161081642 0.011090573156252503 0.024671052815392613
1 0.9034196050197352 0.24588815972674638 0.017560074164066464 0.04769736877642572
1 0.916820714250207 0.21381579106673598 0.014787430875003338 0.036184210795909166
1 0.8710720999806654 0.21957237005699426 0.015711645304691046 0.024671052815392613
1 0.4801293962227646 0.20312500151339918 0.015711645304691046 0.031250000232830644
1 0.28881700927740894 0.27878289681393653 0.015711645304691046 0.02796052652411163
