1 0.49624414477148093 0.30560131109086797 0.029107982001733035 0.04118616052437574
1 0.6150234906817786 0.251235579198692 0.028169014840386808 0.047775946208275855
1 0.7610328842711169 0.21911037398967892 0.02159624471096322 0.03953871410340071
1 0.7136150426231325 0.19357495446456596 0.020657277549616992 0.051070839050225914
1 0.3948356913460884 0.2866556772496551 0.023474179033655673 0.042833606945350766
1 0.35446010340820067 0.29818780219648033 0.02159624471096322 0.03953871410340071
1 0.46197184338234365 0.23805600783089176 0.028169014840386808 0.03789126768242568
1 0.49295775970676914 0.24299834709381685 0.03568075213115662 0.051070839050225914
1 0.40328639579820447 0.2232289900421165 0.019718310388270766 0.04118616052437574
1 0.4112676166696474 0.19275123125407845 0.01877934322692454 0.03294892841950059
1 0.36431925860233605 0.20016474014846608 0.020657277549616992 0.03130148199852556
1 0.3042253602761775 0.17627676704432815 0.016901408904232085 0.03624382126145065
1 0.9652582418639213 0.11367380304727703 0.013145540258847177 0.02635914273560047
1 0.575117386324564 0.14085666899336502 0.015962441742885858 0.0280065891565755
1 0.46150235980167054 0.2009884633589536 0.014084507420193404 0.03294892841950059
1 0.49014085822273046 0.1960461240960285 0.022535211872309446 0.02635914273560047
