0 0.03281249926658347 0.3533333418890834 0.06437499856110662 0.1222222251817584
0 0.07812499825377017 0.26333333970978856 0.06374999857507646 0.12000000290572643
1 0.22406249499181286 0.21888889418914914 0.07187499839346856 0.10222222469747066
0 0.34531249228166416 0.20222222711890936 0.048124998924322426 0.08000000193715096
0 0.4187499906402081 0.18944444903172553 0.06999999843537807 0.08333333535119891
0 0.4124999907799065 0.34000000823289156 0.07374999835155904 0.11111111380159855
0 0.18031249596970156 0.3772222313564271 0.10937499755527824 0.18555556004866958
0 0.5274999882094562 0.3450000083539635 0.08124999818392098 0.12777778087183833
0 0.8156249817693606 0.41888889903202653 0.08624999807216227 0.15777778159826994
1 0.6734374849474989 0.2522222283296287 0.06687499850522727 0.10888889152556658
