0 0.38867521697829943 0.2282407367019914 0.06282051335438155 0.1564814787125215
0 0.2102564120432362 0.30972221674164757 0.054700855165719986 0.12870370142627507
0 0.5459401755797444 0.27499999513383955 0.050000000424915925 0.1351851827930659
0 0.677350433106767 0.2847222171840258 0.036752137064468116 0.11574073869269341
0 0.7185897496965481 0.2513888844405301 0.026923077151877806 0.06944444321561605
0 0.6008547059609555 0.24537036602851003 0.033333333616610616 0.0666666654869914
0 0.49294872213795315 0.24490740307373926 0.028632478875806555 0.08240740594919771
0 0.4617521406762535 0.26759258785750717 0.021794871980091557 0.04814814729616046
0 0.4380341917567421 0.2671296249027364 0.018803418963216245 0.04351851774845272
0 0.32329060103802476 0.2796296246815473 0.025213675427949056 0.05370370275340974
