0 0.2673076945793582 0.5226851759362034 0.06538461594027467 0.14351851597893983
0 0.14465812088747043 0.674999988055788 0.06538461594027467 0.14259259006939828
0 0.4277777814131696 0.5773148045991547 0.04786324827000499 0.13796296052169055
0 0.4717948758043349 0.5606481382274069 0.04615384654607624 0.1212962941499427
0 0.5476495773036731 0.5370370275340974 0.046581196977058426 0.1351851827930659
0 0.5839743639371591 0.5513888791319914 0.033760684047592804 0.11574073869269341
0 0.6720085527194897 0.5643518418655731 0.050000000424915925 0.12314814596902579
0 0.7123931684473064 0.5550925827701576 0.04102564137428999 0.09907407232094556
0 0.8480769302841509 0.5287036943482235 0.048290598700987175 0.1388888864312321
0 0.8918803494598251 0.5527777679963037 0.036752137064468116 0.09629629459232092
