0 0.4854700895957649 0.2194444405613467 0.059829060337506235 0.15370370098389685
0 0.65448718504922 0.22083332942565903 0.07222222283598967 0.14907407143618912
0 0.7538461602525786 0.27870369877200574 0.08205128274857998 0.19444444100372493
0 0.8737179561430821 0.20231481123482808 0.03290598318562843 0.07499999867286533
0 0.42264957624138333 0.21574073692318052 0.030769231030717492 0.08333333185873926
0 0.36709402021369897 0.22592592192813754 0.04871794913196936 0.1351851827930659
0 0.10961538554693107 0.23240740329492837 0.03461538490955718 0.09814814641140401
0 0.19059829221805558 0.27870369877200574 0.0982905991259031 0.2370370328426361
0 0.25192307906399947 0.25046295853098854 0.0508547012868803 0.16574073780793697
0 0.3222222249605693 0.2300925885210745 0.027350427582859993 0.07314814685378224
