0 0.5470085516571999 0.23101851443061605 0.04273504309821874 0.1527777750743553
0 0.6925213734066347 0.1930555521394126 0.04914529956295155 0.14166666415985674
0 0.3630341911193682 0.27685184695292264 0.0542735047347378 0.15185184916481376
0 0.16068376204930246 0.19351851509418339 0.04871794913196936 0.11851851642131805
0 0.0985042743413942 0.10092592414002866 0.019230769394198433 0.09259259095415473
0 0.20448718122497667 0.6208333223476075 0.03888888921937905 0.14351851597893983
0 0.35769231073209085 0.6638888771412894 0.04444444482214749 0.1388888864312321
0 0.4978632520942483 0.6694444325985387 0.052991453441791236 0.14814814552664757
0 0.5811965861357749 0.6518518403172493 0.05128205171786249 0.14444444188848138
0 0.6324786378536373 0.5703703602775931 0.03589743620250374 0.09444444277323782
0 0.7153846214641817 0.6620370253222063 0.05213675257982686 0.1703703673556447
0 0.7482906046498101 0.5601851752726361 0.03162393189268187 0.08518518367782235
0 0.8737179561430821 0.709722209663596 0.0474358978390228 0.14537036779802293
0 0.8358974430011585 0.16388888598885387 0.058119658613577485 0.12592592369765043
