1 0.20059582847170532 0.3563829674385488 0.0278053623624146 0.07446808274835348
1 0.8887785469414666 0.3359928971622139 0.019860973116010427 0.054964537266641855
1 0.8435948331025429 0.31117020291276276 0.02284011908341199 0.04787233890965581
1 0.7914597786730155 0.29964538058266044 0.023833167739212513 0.03900709096342325
1 0.7601787460152991 0.27304963674396276 0.016881827148608863 0.042553190141916275
1 0.7184707024716772 0.2960992814041674 0.02085402177181095 0.042553190141916275
1 0.6633565020747483 0.28102835989557207 0.02184707042761147 0.03723404137417674
1 0.6295928477775306 0.270390062360093 0.02184707042761147 0.04787233890965581
1 0.6241310801706277 0.2225177234504372 0.02284011908341199 0.040780140552669764
1 0.6663356480421498 0.22163119865581393 0.0278053623624146 0.03900709096342325
1 0.7393247242434882 0.1843971572816372 0.008937437902204692 0.03546099178493023
1 0.7472691134898923 0.22872339701279998 0.01489572983700782 0.028368793427944183
1 0.7840119137545116 0.21542552509345114 0.016881827148608863 0.03368794219568372
1 0.8525322710047476 0.25975176482461393 0.018867924460209906 0.04787233890965581
1 0.8326712978887372 0.23936169454827905 0.018867924460209906 0.03900709096342325
1 0.8356504438561387 0.19680850440636277 0.016881827148608863 0.031914892606437206
1 0.9091360443853773 0.29166665743105114 0.018867924460209906 0.05141843808814883
1 0.9404170770430937 0.2659574383869767 0.011916583869606256 0.03900709096342325
1 0.8897715955972672 0.21099290112033486 0.007944389246404171 0.02482269424945116
1 0.7919563030009158 0.15514183905906975 0.012909632525406778 0.02304964466020465
1 0.8192651410354301 0.17553190933540463 0.009930486558005214 0.02482269424945116
1 0.8530287953326479 0.20124112837947905 0.011916583869606256 0.026595743838697672
1 0.8649453792022541 0.18262410769239068 0.011916583869606256 0.02482269424945116
1 0.6961271077161655 0.20124112837947905 0.015888778492808342 0.040780140552669764
1 0.5714995014132 0.28900708304718137 0.02085402177181095 0.053191487677395344
1 0.40714994887821376 0.2801418351009488 0.015888778492808342 0.03546099178493023
1 0.43743793288012967 0.22695034742355347 0.012909632525406778 0.031914892606437206
1 0.4697120141936466 0.19326240522786975 0.015888778492808342 0.031914892606437206
1 0.41857000841991976 0.22517729783430696 0.01489572983700782 0.03546099178493023
1 0.3674280026461929 0.20744680194184184 0.011916583869606256 0.031914892606437206
1 0.31876861851196736 0.2517730416730046 0.015888778492808342 0.028368793427944183
1 0.27209533168934286 0.23315602098591626 0.017874875804409385 0.03368794219568372
1 0.37586891622049734 0.1843971572816372 0.018867924460209906 0.02482269424945116
1 0.39721946232020855 0.1799645333085209 0.011916583869606256 0.026595743838697672
1 0.3535253214649856 0.20478722755797207 0.011916583869606256 0.026595743838697672
1 0.3361469699884765 0.20478722755797207 0.010923535213805735 0.019503545481711626
1 0.4796425007516518 0.15336878946982324 0.009930486558005214 0.019503545481711626
1 0.5079443874419667 0.15336878946982324 0.016881827148608863 0.030141843017190695
1 0.5312810308532789 0.1462765911128372 0.009930486558005214 0.030141843017190695
1 0.4220456787152216 0.15957446303218603 0.009930486558005214 0.02482269424945116
1 0.4612711006193422 0.14450354152359068 0.008937437902204692 0.02304964466020465
1 0.5258192632463761 0.21365247550420463 0.008937437902204692 0.030141843017190695
