0 0.1285000061034225 0.04827089194441214 0.01600000075995922 0.023054754361510277
0 0.08800000417977571 0.19992794797872193 0.019000000902451575 0.029538904025685042
1 0.13950000662589446 0.28962535166647285 0.02400000113993883 0.03314120939467102
0 0.12900000612717122 0.3721181446162518 0.028000001329928637 0.03962535905884579
0 0.17675000839517452 0.378242063743528 0.016500000783707947 0.0374639758374542
0 0.01675000079558231 0.4819884583703242 0.024500001163687557 0.040345820132642984
0 0.07075000336044468 0.4636167009884957 0.02550000121118501 0.030979826173279434
0 0.13100000622216612 0.47550430870614946 0.028000001329928637 0.0374639758374542
1 0.11275000535533763 0.5706051704473794 0.02750000130617991 0.040345820132642984
0 0.07425000352668576 0.7060518523212522 0.02650000125868246 0.03170028724707663
0 0.36150001717032865 0.019092218455625698 0.018000000854954123 0.025216137582901865
0 0.3522500167309772 0.05799711644067429 0.021500001021195203 0.030979826173279434
0 0.3167500150448177 0.0932997090567369 0.015500000736210495 0.026657059730496258
0 0.3000000142492354 0.12103746039792895 0.01500000071246177 0.027377520804293454
0 0.2650000125868246 0.1491354422760196 0.020000000949949026 0.027377520804293454
0 0.24400001158937812 0.23955330703756772 0.017000000807456672 0.023775215435307473
1 0.21275001010508277 0.24999999260762706 0.017500000831205398 0.02449567650910467
0 0.22225001055630855 0.2842218936129939 0.0195000009262003 0.02809798187809065
1 0.26600001263432205 0.29106627381406724 0.021000000997446477 0.028818442951887846
0 0.2637500125274528 0.40273774025263265 0.020500000973697752 0.034582131542265415
1 0.28425001350115053 0.4520893238077406 0.017500000831205398 0.029538904025685042
0 0.2890000137267634 0.5630403291725088 0.028000001329928637 0.04250720335403457
0 0.26125001240870915 0.6123919127276167 0.029500001401174814 0.04322766442783177
0 0.32450001541292295 0.7780979597009718 0.03300000156741589 0.04899135301820934
0 0.2455000116606243 0.9495676952647045 0.03800000180490315 0.0561959637561813
0 0.45350002154009417 0.018011526844929904 0.011000000522471964 0.020172910066321492
0 0.4175000198301859 0.05763688590377569 0.01500000071246177 0.02593659865669906
0 0.39250001864274964 0.06952449362142943 0.017000000807456672 0.023775215435307473
1 0.40125001905835234 0.11779538556584157 0.013500000641215593 0.023775215435307473
0 0.43075002045952715 0.10626800838508643 0.01850000087870285 0.03242074832087383
0 0.3250000154366717 0.20893371140118688 0.019000000902451575 0.027377520804293454
0 0.39775001889211126 0.2053314060322009 0.017500000831205398 0.028818442951887846
1 0.3455000164103694 0.2413544597220607 0.020000000949949026 0.03025936509948224
1 0.3005000142729841 0.27125359428464435 0.017000000807456672 0.02809798187809065
0 0.36750001745531335 0.2943083486461546 0.02200000104494393 0.03242074832087383
0 0.34200001624412835 0.3706772224686574 0.02300000109244138 0.02809798187809065
0 0.45300002151634544 0.32780978857772425 0.02200000104494393 0.034582131542265415
0 0.4202500199608039 0.3717579140793532 0.024500001163687557 0.028818442951887846
0 0.3557500168972183 0.46145531776710413 0.0195000009262003 0.036743514763657004
0 0.4312500204832759 0.4337175664259121 0.023500001116190106 0.03890489798504859
0 0.37575001784716733 0.6246397509821691 0.02550000121118501 0.04178674228023738
0 0.37975001803715713 0.7006483942677733 0.02550000121118501 0.04250720335403457
0 0.4095000194502063 0.7121757714485284 0.029000001377426088 0.043948125501628965
0 0.41200001956894994 0.9376800875470508 0.03600000170990825 0.05403458053478971
0 0.46100002189632505 0.7925071811769158 0.017000000807456672 0.03602305368985981
0 0.46975002231192775 0.5893371583661065 0.02650000125868246 0.040345820132642984
0 0.45425002157571726 0.5493515687703621 0.02550000121118501 0.029538904025685042
0 0.4760000226087868 0.06880403254763223 0.013000000617466867 0.02089337114011869
0 0.5447500258742366 0.03386167046846822 0.012500000593718141 0.021613832213915884
0 0.5087500241643284 0.07780979597009718 0.012500000593718141 0.011527377180755138
0 0.5392500256130006 0.10698846945888363 0.016500000783707947 0.025216137582901865
0 0.573250027227914 0.06340057449415326 0.016500000783707947 0.02593659865669906
0 0.4962500235706102 0.14085013992735185 0.016500000783707947 0.02809798187809065
0 0.5320000252686441 0.20100863958941773 0.010000000474974513 0.0187319879187271
0 0.5067500240693334 0.24063399864826351 0.020500000973697752 0.02449567650910467
0 0.5610000266460702 0.3007924983103294 0.019000000902451575 0.030979826173279434
0 0.48450002301251516 0.36635445602587424 0.020000000949949026 0.03530259261606261
0 0.5562500264204573 0.34942362079164013 0.0195000009262003 0.028818442951887846
0 0.5377500255417544 0.3786022942804266 0.022500001068692654 0.03962535905884579
0 0.4957500235468615 0.45713255132432096 0.0195000009262003 0.03386167046846822
0 0.6290000298758969 0.010806916106957942 0.01500000071246177 0.020172910066321492
0 0.6402500304102432 0.08861671207705513 0.016500000783707947 0.02593659865669906
0 0.6670000316808 0.07060518523212522 0.014000000664964318 0.023054754361510277
0 0.6930000329157338 0.08789625100325793 0.011000000522471964 0.021613832213915884
0 0.7022500333550852 0.0940201701305341 0.014500000688713044 0.025216137582901865
1 0.6765000321320258 0.13904898724285886 0.013000000617466867 0.023054754361510277
0 0.7342500348750036 0.10951008321717381 0.015500000736210495 0.02593659865669906
1 0.7370000350056216 0.14301152314874344 0.01500000071246177 0.025216137582901865
0 0.7097500337113161 0.2042507144215051 0.017500000831205398 0.026657059730496258
1 0.6450000306358561 0.1693083523423411 0.017000000807456672 0.021613832213915884
0 0.6235000296146609 0.189121031871764 0.019000000902451575 0.030979826173279434
0 0.6352500301727559 0.3000720372365322 0.01850000087870285 0.025216137582901865
0 0.604250028700335 0.3951728989777621 0.024500001163687557 0.030979826173279434
0 0.6695000317995436 0.38724782716599293 0.020000000949949026 0.02809798187809065
0 0.5962500283203553 0.5255763533350546 0.02750000130617991 0.030979826173279434
0 0.6037500286765862 0.7622478160774335 0.03250000154366717 0.04466858657542616
0 0.547750026016729 0.8713976687577087 0.03450000163866207 0.05115273623960093
0 0.647000030730851 0.82997115701437 0.03300000156741589 0.046109508723020554
0 0.7660000363830477 0.01116714664385654 0.01600000075995922 0.02089337114011869
0 0.8200000389479101 0.07672910435940139 0.01500000071246177 0.026657059730496258
1 0.8385000398266129 0.0929394785198383 0.014000000664964318 0.021613832213915884
0 0.8207500389835332 0.14409221475943923 0.012500000593718141 0.023054754361510277
0 0.8267500392685179 0.17182996610063128 0.017500000831205398 0.025216137582901865
0 0.7740000367630273 0.2420749207958579 0.020000000949949026 0.03170028724707663
0 0.819250038912287 0.30727664797450416 0.01850000087870285 0.030979826173279434
0 0.6962500330701005 0.4275936472986359 0.021500001021195203 0.03530259261606261
0 0.7312500347325113 0.40453889293712564 0.021500001021195203 0.03242074832087383
0 0.71800003410317 0.4639769315253943 0.025000001187436283 0.034582131542265415
0 0.7267500345187727 0.5392651137372013 0.021500001021195203 0.04106628120644018
0 0.6987500331888441 0.5561959489714354 0.02750000130617991 0.04322766442783177
0 0.7567500359436963 0.9185878690914251 0.03450000163866207 0.053314119460992515
0 0.9025000428664498 0.978746368753491 0.0390000018524006 0.04250720335403457
0 0.9652500458469149 0.9845100573438685 0.037500001781154424 0.030979826173279434
0 0.9077500431158114 0.8083573248004541 0.03250000154366717 0.04322766442783177
0 0.9417500447307248 0.7867434925865382 0.028500001353677362 0.05187319731339812
0 0.9437500448257197 0.6062679936003406 0.028500001353677362 0.043948125501628965
0 0.9445000448613428 0.5353025778313167 0.027000001282431185 0.0374639758374542
0 0.9947500472480897 0.4906339912558906 0.010500000498723239 0.03602305368985981
0 0.8975000426289625 0.47946684461203404 0.020000000949949026 0.019452448992524296
0 0.9147500434482936 0.43768010233179666 0.022500001068692654 0.03386167046846822
0 0.882000041892752 0.3760806805221364 0.02200000104494393 0.034582131542265415
0 0.9247500439232681 0.3220460999873467 0.0195000009262003 0.034582131542265415
0 0.8715000413940288 0.3224063305242453 0.021000000997446477 0.03242074832087383
0 0.8507500404084567 0.2827809714653995 0.01850000087870285 0.03242074832087383
0 0.9082500431395601 0.2759365912643261 0.013500000641215593 0.023054754361510277
0 0.8550000406103209 0.2237031634140294 0.019000000902451575 0.02809798187809065
0 0.870250041334657 0.1682276607316453 0.016500000783707947 0.026657059730496258
0 0.9610000456450507 0.18371757381828502 0.011000000522471964 0.02593659865669906
0 0.9820000466424972 0.10662823892198503 0.01600000075995922 0.02449567650910467
0 0.8955000425339676 0.07348702952731401 0.01600000075995922 0.02449567650910467
0 0.8692500412871595 0.04322766442783177 0.013500000641215593 0.02449567650910467
0 0.9300000441726297 0.05295388892409392 0.01500000071246177 0.019452448992524296
1 0.9575000454788096 0.030979826173279434 0.012000000569969416 0.020172910066321492
1 0.9937500472005922 0.07204610737971961 0.012500000593718141 0.020172910066321492
1 0.1647500078252051 0.633645514404634 0.029500001401174814 0.038184436911251396
