1 0.6771028244693298 0.36447810573736206 0.021495327760931104 0.04208754107821733
1 0.5967289902328048 0.34595958766294643 0.017757009889464825 0.0488215476507321
1 0.5579439423163421 0.30303029576316476 0.018691589357331395 0.04377104272134602
1 0.4056074890540913 0.29713804001221433 0.020560748293064535 0.035353534505702555
1 0.7780374069989193 0.3055555482278578 0.015887850953731686 0.04208754107821733
1 0.7588785279076546 0.24158248578896746 0.016822430421598256 0.04208754107821733
1 0.7985981552919839 0.1809764266363345 0.015887850953731686 0.035353534505702555
1 0.8485981568228453 0.17424242006381974 0.020560748293064535 0.035353534505702555
1 0.8285046982637141 0.13636363309342414 0.015887850953731686 0.03367003286257386
1 0.8658878769783769 0.12710437405621633 0.012149533082265407 0.03198653121944517
1 0.8668224564462435 0.23653198085958138 0.014018692017998546 0.035353534505702555
1 0.7443925461557228 0.14730639377376065 0.017757009889464825 0.03872053779195994
1 0.6682243195245974 0.20707070210482925 0.014953271485865116 0.03367003286257386
1 0.656074786442332 0.18939393485197797 0.016822430421598256 0.03198653121944517
1 0.6107476822508033 0.2079124529263936 0.021495327760931104 0.04208754107821733
1 0.7074766571749933 0.22727272182237357 0.018691589357331395 0.03367003286257386
1 0.7355140412109904 0.2171717119636014 0.018691589357331395 0.03367003286257386
1 0.697196283028461 0.17676767252851278 0.013084112550131977 0.02693602629005909
1 0.7182243210554589 0.17087541677756235 0.015887850953731686 0.03198653121944517
1 0.6831775910104625 0.15404040034627542 0.014953271485865116 0.028619527933187783
1 0.46822431340115145 0.2567340005771257 0.018691589357331395 0.028619527933187783
1 0.4817757156852167 0.19107743649510667 0.015887850953731686 0.028619527933187783
1 0.5023364639782812 0.2062289512832649 0.015887850953731686 0.02188552136067301
1 0.5252336609410122 0.22138046607142314 0.014953271485865116 0.028619527933187783
1 0.46448599552968517 0.18181817745789886 0.013084112550131977 0.030303029576316476
1 0.4411215088330209 0.23569023003801703 0.016822430421598256 0.030303029576316476
1 0.4144859939988237 0.23737373168114573 0.015887850953731686 0.02693602629005909
1 0.36915888980729505 0.2171717119636014 0.014953271485865116 0.02693602629005909
1 0.3859813202288933 0.19781144306762144 0.014953271485865116 0.025252524646930397
1 0.3462616928445641 0.2222222168929875 0.017757009889464825 0.030303029576316476
1 0.3252336548175663 0.22306396771455184 0.016822430421598256 0.03198653121944517
1 0.3373831878998317 0.2878787809750065 0.018691589357331395 0.02693602629005909
1 0.3341121597622987 0.2626262563280761 0.014018692017998546 0.02693602629005909
1 0.2962616913137026 0.2643097579712048 0.018691589357331395 0.03367003286257386
1 0.4518691727134865 0.15067339706001803 0.012149533082265407 0.025252524646930397
1 0.5836448776826728 0.1607744069187902 0.017757009889464825 0.035353534505702555
1 0.6121495514526032 0.14225588884437457 0.013084112550131977 0.025252524646930397
1 0.6448598328279331 0.11363636091118678 0.011214953614398837 0.018518518074415624
1 0.6915888062212616 0.10353535105241463 0.009345794678665698 0.018518518074415624
1 0.7500000229629222 0.10942760680336505 0.012149533082265407 0.020202019717544317
1 0.7822430146043189 0.11616161337587982 0.011214953614398837 0.023569023003801703
1 0.5406542221608106 0.1717171675991267 0.015887850953731686 0.030303029576316476
1 0.6612149735155981 0.2567340005771257 0.017757009889464825 0.045454544364474714
1 0.4794392670155503 0.32239056465914473 0.020560748293064535 0.045454544364474714
1 0.2602803818008397 0.26346800714964047 0.014018692017998546 0.03198653121944517
1 0.8831775971339084 0.20117844635387883 0.014953271485865116 0.035353534505702555
1 0.8925233918125741 0.12710437405621633 0.011214953614398837 0.03198653121944517
1 0.9266355423897039 0.15404040034627542 0.012149533082265407 0.03872053779195994
1 0.9224299347843044 0.18686868238728493 0.016822430421598256 0.040404039435088634
1 0.08691589051159099 0.41835015831748024 0.03551401977892965 0.0723905706545338
