1 0.9025641307234764 0.5701923082233407 0.046153847593814135 0.1096153847174719
1 0.7717948958743364 0.6721153852413408 0.05897436081431806 0.10192307701800019
1 0.7423077154671773 0.5951923082466237 0.03846153966151178 0.05961538467090577
1 0.9410256703849882 0.4730769235175103 0.020512821152806282 0.03846153849735856
1 0.8634615654009394 0.5230769235640764 0.04487179627176374 0.08846153854392469
1 0.7993589992984198 0.5048076927778311 0.026923077763058245 0.044230769271962345
1 0.6576923282118514 0.5701923082233407 0.03846153966151178 0.07115384622011334
1 0.5865384798380546 0.6615384621545672 0.05769230949226767 0.08846153854392469
1 0.5750000179396011 0.5153846158646047 0.037179488339461386 0.06923076929524541
1 0.6230769425164908 0.4855769235291518 0.030769231729209423 0.05192307697143406
1 0.6705128414323553 0.46923076966777444 0.028205129085108638 0.05000000004656613
1 0.4910256563453004 0.5711538466857746 0.046153847593814135 0.07692307699471712
1 0.35576924186898395 0.5500000005122274 0.04487179627176374 0.0961538462433964
1 0.2237179556977935 0.5298076928011142 0.02948718040715903 0.04038461542222649
1 0.30705129163106903 0.5096153850900009 0.02948718040715903 0.05769230774603784
1 0.35705129319103435 0.4836538466042839 0.021794872474856675 0.03653846157249063
1 0.32243590749567375 0.4644230773556046 0.021794872474856675 0.03653846157249063
1 0.3679487294284627 0.45288461580639705 0.020512821152806282 0.04038461542222649
1 0.40897437173407525 0.46057692350586876 0.020512821152806282 0.03653846157249063
1 0.0346153856953606 0.5096153850900009 0.023076923796907067 0.06923076929524541
1 0.7410256641451269 0.5009615389280953 0.025641026441007853 0.044230769271962345
1 0.5897436081431806 0.46346153889317065 0.020512821152806282 0.034615384647622705
1 0.5391025809221901 0.4865384619915858 0.02948718040715903 0.053846153896301985
1 0.4692307838704437 0.506730769702699 0.03333333437331021 0.05192307697143406
1 0.414743602683302 0.5490384620497935 0.0346153856953606 0.05576923082116991
1 0.27179488027468324 0.586538462084718 0.046153847593814135 0.07692307699471712
