1 0.585542180808261 0.3190578119829297 0.03855421766638756 0.06423982791602612
1 0.7415662804269232 0.3576017087325454 0.027710843947716057 0.05567451752722263
1 0.8066265227389522 0.40578157966956496 0.0325301211560145 0.062098500318825245
1 0.9096385730663314 0.4100642348639667 0.021686747437343 0.05353318993002176
1 0.7493976058904082 0.2858672342263162 0.026506024645641446 0.04496787954121828
1 0.7578313410049304 0.24411134608089924 0.021686747437343 0.04282655194401741
1 0.6650602547451854 0.2644539582543075 0.026506024645641446 0.05353318993002176
1 0.6753012188128196 0.21199143212288618 0.025301205343566835 0.04710920713841915
1 0.7500000155414455 0.20235545793548226 0.018072289531119168 0.0364025691524148
1 0.5927710966207087 0.16274089738726616 0.012048193020746112 0.029978586360812187
1 0.622891579172574 0.20449678553268313 0.014457831624895334 0.03211991395801306
1 0.536144589423202 0.19271948374807835 0.021686747437343 0.03854389674961567
