1 0.20704632814158686 0.4261168446391821 0.039575288828928024 0.0824742279946804
1 0.2620656321232673 0.2757731998572126 0.018339767993893474 0.03608247474767268
1 0.3817567495570984 0.26890034752432257 0.020270269887987524 0.039518900914117694
1 0.4169884091243148 0.2852233718149364 0.0193050189409405 0.048109966330230236
1 0.501930492464453 0.300687289563939 0.0270270265173167 0.04467354016378522
1 0.5511582907638513 0.3135738876881078 0.0308880303055048 0.049828179413452744
1 0.6785714157740586 0.3187285269377753 0.0308880303055048 0.060137457912787795
1 0.7398648509115446 0.34278351010289043 0.027992277464363724 0.06357388407923281
1 0.7760617614258081 0.2998281830223277 0.0193050189409405 0.04639175324700773
1 0.8851351184421219 0.2611683886498213 0.01737451704684645 0.05498281866312027
1 0.8243243087781593 0.24312715127598494 0.0231660227291286 0.04295532708056271
1 0.7944015294197015 0.1855670129880309 0.0154440151527524 0.030927835498005152
1 0.7461389820673503 0.20876288961153477 0.0231660227291286 0.03264604858122766
1 0.7268339631264098 0.2706185606075451 0.0270270265173167 0.04639175324700773
1 0.6703667827241588 0.25085911015048623 0.020270269887987524 0.05154639249667525
1 0.7060810677648988 0.2216494877357036 0.024131273676175624 0.03436426166445017
1 0.6631274006213062 0.20962199615314603 0.0231660227291286 0.024054983165115118
1 0.6182432315836195 0.20532646344508976 0.016409266099799424 0.039518900914117694
1 0.6085907221131492 0.2611683886498213 0.024131273676175624 0.048109966330230236
1 0.5733590625459328 0.23969072510953993 0.0231660227291286 0.03608247474767268
1 0.5337837737170048 0.2121993157779798 0.0154440151527524 0.039518900914117694
1 0.5714285606518388 0.17611684103030711 0.0077220075763762 0.029209622414782643
1 0.8484555824543349 0.19243986532092094 0.0154440151527524 0.03436426166445017
1 0.8407335748779587 0.14175257936585695 0.0115830113645643 0.025773196248337626
1 0.8769304853922222 0.14175257936585695 0.010617760417517275 0.02233677008189261
1 0.9000965081213508 0.20017182419542223 0.014478764205705374 0.04639175324700773
1 0.8035714134166483 0.13230240740813315 0.010617760417517275 0.027491409331560135
1 0.773166008584667 0.12800687470007688 0.01351351325865835 0.039518900914117694
1 0.7306949669145979 0.1537800709484145 0.0154440151527524 0.03264604858122766
1 0.694015430926811 0.15120275132358074 0.01351351325865835 0.030927835498005152
1 0.6568532694655005 0.1632302429061383 0.016409266099799424 0.03436426166445017
1 0.4835907244705595 0.21907216811086982 0.02123552083503455 0.03264604858122766
1 0.500965241517406 0.1950171849457547 0.02123552083503455 0.029209622414782643
1 0.46283782910904847 0.16237113636452705 0.018339767993893474 0.039518900914117694
1 0.33011582389008254 0.25257732323370874 0.0193050189409405 0.037800687830895185
1 0.2977799171640072 0.26202749519143254 0.026061775570269674 0.04639175324700773
1 0.34604246451635845 0.20876288961153477 0.018339767993893474 0.03608247474767268
1 0.3238416927342769 0.21305842231959105 0.022200771782081574 0.03436426166445017
1 0.42326254028012045 0.1950171849457547 0.020270269887987524 0.039518900914117694
1 0.616795355163049 0.15120275132358074 0.01737451704684645 0.0412371139973402
