0 0.0634765625 0.23784722399432212 0.11328125 0.2222222238779068
0 0.3330078125 0.38715278066229075 0.109375 0.18402777914889157
0 0.42626953125 0.21961805719183758 0.0341796875 0.08854166732635349
0 0.5166015625 0.23784722399432212 0.08203125 0.1631944456603378
0 0.89794921875 0.2647569464170374 0.0380859375 0.06770833383779973
1 0.96240234375 0.27604166872333735 0.0341796875 0.07638888945803046
1 0.7822265625 0.2447916684905067 0.041015625 0.08333333395421505
1 0.71435546875 0.24131944624241441 0.0615234375 0.11805555643513799
1 0.63037109375 0.23697916843229905 0.0693359375 0.13020833430346102
1 0.21435546875 0.2552083352347836 0.0556640625 0.10069444519467652
1 0.15625 0.24913194630062208 0.0234375 0.046875000349245965
