0 0.8856837682105834 0.3166666610632092 0.014957265084376559 0.03703703638166189
0 0.8694444518332602 0.3092592537868768 0.016666666808305308 0.03703703638166189
0 0.8239316309336573 0.44675925135379657 0.01794871810125187 0.04537036956753582
0 0.7741453057242325 0.2796296246815473 0.018376068532234058 0.042592591838911176
0 0.7401709464611486 0.2916666615055874 0.01794871810125187 0.03888888820074499
0 0.7123931684473064 0.2833333283197135 0.020512820687144995 0.042592591838911176
0 0.7918803486099932 0.44907406612765044 0.017094017239287496 0.046296295477077365
0 0.7645299210271332 0.4569444363587536 0.017094017239287496 0.039814814110286534
0 0.7446581259864615 0.474537028640043 0.021794871980091557 0.04351851774845272
0 0.7220085531444056 0.474537028640043 0.020085470256162807 0.04907407320570201
0 0.6987179546558764 0.4833333247806877 0.022222222411073744 0.046296295477077365
0 0.6700854757800698 0.3263888831133954 0.01965811982518062 0.04537036956753582
0 0.6694444501335965 0.4967592504690401 0.025213675427949056 0.0509259250247851
0 0.643162398628192 0.29953703173669055 0.013675213791429996 0.04537036956753582
0 0.6258547061734134 0.3236111053847708 0.020085470256162807 0.04166666592936963
0 0.6337606891465839 0.47685184341389686 0.028205128444824368 0.05740740639157593
0 0.6040598341933219 0.5217592500266619 0.025213675427949056 0.06388888775836676
0 0.5848290647991234 0.2949074021889828 0.020940171118127182 0.04907407320570201
0 0.5666666714823805 0.5374999904888682 0.027350427582859993 0.060185184120200574
0 0.5525641072599683 0.3162036981084384 0.018803418963216245 0.0509259250247851
0 0.5213675257982686 0.5180555463884957 0.033333333616610616 0.06388888775836676
0 0.5207265001517953 0.298611105827149 0.016666666808305308 0.04722222138661891
0 0.5019230811885791 0.2949074021889828 0.02435897456598468 0.052777776843868196
0 0.4769230809761211 0.2736111062695272 0.026495726720895618 0.06203703593928367
0 0.48247863657888956 0.576851841644384 0.03418803447857499 0.06481481366790831
0 0.447008550807368 0.3444444383494556 0.028205128444824368 0.05555555457249284
0 0.41474359326821286 0.5347222127602436 0.033760684047592804 0.07129629503469914
0 0.4072649607260246 0.33287036448018625 0.02136752154910937 0.05462962866295129
0 0.3662393193517346 0.3236111053847708 0.029059829306788743 0.05462962866295129
0 0.35085470383637585 0.5791666564182378 0.036752137064468116 0.07129629503469914
0 0.312393165047979 0.34166666062083095 0.030769231030717492 0.07222222094424069
0 0.29294872043828946 0.6263888778048567 0.03974359008134343 0.07314814685378224
0 0.2617521389765898 0.35925925290212035 0.03290598318562843 0.06481481366790831
0 0.21773504458542448 0.6439814700861461 0.048290598700987175 0.09166666504461318
0 0.20897436075028963 0.31388888333458453 0.040170940512325615 0.0666666654869914
0 0.1523504286451498 0.31342592037981376 0.03290598318562843 0.06574073957744986
0 0.12799145407916512 0.695370358065702 0.050000000424915925 0.10925925732590258
0 0.10811965903849341 0.2990740687819198 0.03589743620250374 0.09444444277323782
