0 0.8500000072235707 0.39074073382653296 0.04786324827000499 0.1018518500495702
0 0.7805555621889653 0.41759258520323783 0.04572649611509405 0.07407407276332378
0 0.7243589805148076 0.39999999292194843 0.04786324827000499 0.09074073913507164
0 0.6752136809518561 0.3847222154145129 0.033333333616610616 0.07685185049194843
0 0.6273504326818511 0.34027777175651863 0.04102564137428999 0.09166666504461318
0 0.5576923124317545 0.36111110472120345 0.03589743620250374 0.07222222094424069
0 0.501709405973088 0.37546295631909743 0.03247863275464624 0.06574073957744986
0 0.440170943911653 0.3601851788116619 0.035042735340539366 0.07962962822057307
0 0.3871794904698618 0.32731480902293697 0.035042735340539366 0.056481480482034385
0 0.34764957560400944 0.36481480835936964 0.026923077151877806 0.05925925821065903
0 0.3254273531929357 0.3597222158568911 0.012393162498483434 0.036111110472120345
0 0.2923076947918162 0.3949074004194699 0.02478632499696687 0.04907407320570201
0 0.27948718186235055 0.34537036425899714 0.012820512929465622 0.0351851845625788
0 0.2438034208753379 0.40092591883149 0.02606837628991343 0.05185185093432665
0 0.2002136769151548 0.4166666592936963 0.02948717973777093 0.04814814729616046
0 0.10320512908219825 0.34722221607808024 0.015811965946340933 0.03888888820074499
