1 0.6437265983549878 0.565624987357296 0.09456928935833275 0.13624999695457518
1 0.34691011591348797 0.5699999872595072 0.08707865257747471 0.11249999748542905
1 0.18820224911905825 0.4999999888241291 0.07677902700379491 0.11249999748542905
1 0.05383895186241716 0.4837499891873449 0.07584269740618765 0.09249999793246388
1 0.8220973866991699 0.5043749887263402 0.07116104941815138 0.10124999773688614
1 0.7457865244941786 0.4268749904586002 0.044007491087540984 0.07874999823980033
1 0.8970037545077503 0.43124999036081135 0.04868913907557726 0.09999999776482582
1 0.6147003808291629 0.3674999917857349 0.032771535916253924 0.0549999987706542
1 0.6900749134365469 0.32312499277759343 0.02247191034257412 0.04124999907799065
1 0.39606741978786886 0.4431249900953844 0.03932584309950471 0.0712499984074384
1 0.28651685686782 0.4243749905144796 0.04307116148993373 0.0712499984074384
1 0.25140449695754796 0.3831249914364889 0.032771535916253924 0.0437499990221113
1 0.18586142512504011 0.3737499916460365 0.036516854306682944 0.04499999899417162
1 0.12406367168296129 0.391249991254881 0.051498127868399024 0.05999999865889549
1 0.023876404738985002 0.38749999133870006 0.040262172697111964 0.04999999888241291
1 0.5875468224985525 0.4824999892152846 0.045880150282755494 0.07499999832361937
1 0.6629213551059365 0.35687499202322215 0.02996254712343216 0.04874999891035259
1 0.5084269715007395 0.4237499905284494 0.04681647988036275 0.03499999921768904
