0 0.5126068419631338 0.41388888156507164 0.13290598403546028 0.26111110649071634
0 0.8608974432136165 0.39074073382653296 0.030341880599735305 0.07222222094424069
0 0.7950854768423596 0.38425925245974213 0.025213675427949056 0.05185185093432665
0 0.7647435962426243 0.3726851785904728 0.033760684047592804 0.07314814685378224
0 0.6918803477601614 0.3796296229120344 0.01965811982518062 0.042592591838911176
0 0.2846153870341368 0.42453702952479944 0.02478632499696687 0.06944444321561605
0 0.30299145556637086 0.3740740674547851 0.015384615515358746 0.0333333327434957
0 0.20042735213064589 0.4231481406604871 0.02307692327303812 0.046296295477077365
0 0.23589743790216744 0.3828703635954298 0.012820512929465622 0.036111110472120345
0 0.17841880493506324 0.3990740670124069 0.020085470256162807 0.049999999115243554
0 0.13696581312979106 0.3740740674547851 0.023504273704020306 0.042592591838911176
0 0.21111111290520057 0.3601851788116619 0.011965812067501247 0.02407407364808023
