0 0.30363248121284414 0.3217592535656877 0.023504273704020306 0.06388888775836676
0 0.3559829090081621 0.3324074015254155 0.025641025858931243 0.05740740639157593
0 0.3767094049107982 0.3194444387918338 0.02264957284205593 0.06111111002974212
0 0.41923077279352583 0.3124999944702722 0.027350427582859993 0.09166666504461318
0 0.4634615424001822 0.31898147583706304 0.02435897456598468 0.06388888775836676
0 0.4923076964914799 0.3263888831133954 0.03589743620250374 0.07870370231103152
0 0.5376068421755917 0.33657406811835244 0.02136752154910937 0.05462962866295129
0 0.5726495775161311 0.34166666062083095 0.029059829306788743 0.06296296184882522
0 0.5935897486342583 0.30509258719393983 0.04273504309821874 0.08981481322553009
0 0.6775641083222581 0.31898147583706304 0.0405982909433078 0.10092592414002866
0 0.7190171001275303 0.3162036981084384 0.023504273704020306 0.11574073869269341
0 0.7566239380539628 0.3351851792540401 0.05854700904455967 0.11851851642131805
0 0.14786324911983684 0.28518518013879657 0.027350427582859993 0.05370370275340974
