1 0.21422522835200652 0.3585858582518995 0.013547840528190136 0.03318903315812349
1 0.2434377594909165 0.36435786401852965 0.012701100495178252 0.02741702739149332
1 0.2768839907948859 0.3888888885267079 0.01693480066023767 0.03318903315812349
1 0.3116003321483731 0.4069264065474272 0.020321760792285204 0.03751803748309612
1 0.4635901680740062 0.42568542528897524 0.022861980891320854 0.04617604613304138
1 0.5372565509460401 0.43073593033477664 0.021168500825297087 0.04473304469138384
1 0.5359864408965223 0.3780663777142763 0.01693480066023767 0.03174603171646595
1 0.6079593437025324 0.3982683978974819 0.01693480066023767 0.04040404036641121
1 0.5893310629762709 0.48340548295527697 0.025402200990356505 0.051948051899671555
1 0.6333615446928889 0.5079365074634552 0.027095681056380272 0.0634920634329319
1 0.7082980376144405 0.559163058642298 0.03132938122143969 0.06493506487458944
1 0.8302286023681518 0.5346320341341197 0.02455546095734462 0.06782106775790453
1 0.8543606933089904 0.49350649304687977 0.023708720924332738 0.0634920634329319
1 0.9199830458674114 0.4956709952093661 0.027942421089392155 0.06204906199127436
1 0.8712954939692281 0.38455988420173526 0.023708720924332738 0.056277056224644184
1 0.8187976119224913 0.37662337627261877 0.025402200990356505 0.04040404036641121
1 0.7832345305359922 0.45093795051798224 0.023708720924332738 0.056277056224644184
1 0.7142252178455237 0.41774891735985875 0.02624894102336839 0.05916305910795927
1 0.6663844059803523 0.391774891410023 0.02201524085830897 0.056277056224644184
1 0.9453852468577679 0.3831168827600777 0.011007620429154485 0.04184704180806875
1 0.9250634860654827 0.35137085104361176 0.01439458056120202 0.038961038924753666
1 0.9034716152236797 0.34632034599781036 0.015241320594213903 0.03751803748309612
1 0.8674851638206746 0.29292929265648127 0.01439458056120202 0.03751803748309612
1 0.8226079420710448 0.3124098121188581 0.021168500825297087 0.04473304469138384
1 0.8899237746954896 0.24963924940675497 0.020321760792285204 0.028860028833150864
1 0.7506350392650347 0.25541125517338514 0.022861980891320854 0.04040404036641121
1 0.7184589180105831 0.30303030274808407 0.02624894102336839 0.02308802306652069
1 0.6871295367891435 0.3304473301395774 0.017781540693249553 0.03751803748309612
1 0.6752751763269771 0.2922077919356525 0.017781540693249553 0.03607503604143858
1 0.5567315717053134 0.2893217890523374 0.021168500825297087 0.04184704180806875
1 0.5694326722004917 0.2611832609400153 0.01947502075927332 0.04617604613304138
1 0.44665536741376854 0.26551226526498795 0.017781540693249553 0.025974025949835777
1 0.3734123545582406 0.3405483402311802 0.02201524085830897 0.043290043249726295
1 0.4441151473147329 0.36435786401852965 0.021168500825297087 0.03318903315812349
1 0.4005080356146209 0.35209235176444054 0.023708720924332738 0.04040404036641121
1 0.40685858586221 0.3051948049105704 0.01947502075927332 0.030303030274808407
1 0.5182049002032727 0.2893217890523374 0.020321760792285204 0.04184704180806875
1 0.34038949327077717 0.3102453099563718 0.010160880396142602 0.02308802306652069
1 0.6435224250890315 0.2619047616608441 0.01693480066023767 0.03607503604143858
1 0.7116849977464881 0.26046176021918654 0.01947502075927332 0.021645021624863148
1 0.6371718748414423 0.3246753243729472 0.021168500825297087 0.028860028833150864
1 0.5990685733559076 0.3578643575310707 0.01947502075927332 0.03174603171646595
