1 0.19272727402858436 0.5667574852705002 0.09818181884475052 0.17983650974929333
1 0.5118181852740236 0.46594004798680544 0.08909090969245881 0.19618528336286545
1 0.3600000024307519 0.7697547576390207 0.11636363714933395 0.22070844378322363
1 0.6009090949664824 0.7901907246559858 0.13272727362345904 0.2016348745673895
1 0.8409090965869837 0.6403269665315747 0.1400000009452924 0.20708446577191353
1 0.6872727319132537 0.5831062588840723 0.09090909152291715 0.14713896252214909
1 0.9345454608555883 0.4713896391913295 0.06545454589650035 0.16893732734024525
1 0.9527272791601717 0.20980926137417555 0.06181818223558366 0.14168937131762505
1 0.8863636423484422 0.08991825487464666 0.07090909138787538 0.15258855372667313
1 0.5809090948314406 0.2602179800160229 0.07090909138787538 0.14441416691988707
1 0.6972727319807746 0.10217983508482575 0.056363636744208634 0.10626702848821878
1 0.4272727301577106 0.23569481959566474 0.06545454589650035 0.13896457571536303
1 0.4890909123932943 0.15940054273232818 0.050909091252833605 0.1226158021017909
1 0.3327272749738768 0.3228882788680494 0.08363636420108378 0.18256130535155535
1 0.18272727396106347 0.25340599101036787 0.07454545504879206 0.1634877361357212
1 0.2554545471793972 0.1893732943572104 0.06000000040512532 0.1226158021017909
1 0.05818181857466698 0.2574931844137609 0.08363636420108378 0.18256130535155535
1 0.12636363721685484 0.18256130535155535 0.056363636744208634 0.136239780113101
1 0.1945454558590427 0.09264305047690868 0.05454545491375029 0.136239780113101
1 0.2872727292124182 0.08583106147125363 0.06545454589650035 0.10081743728369474
1 0.019090909219812602 0.1634877361357212 0.03454545477870852 0.11989100649952888
1 0.5109090943587944 0.0544959120452404 0.04727272759191692 0.09264305047690868
