1 0.11299999878974631 0.40386738488450646 0.05666666605975479 0.11823203880339861
1 0.17299999814713374 0.4104972188360989 0.04333333286922425 0.08950275834649801
1 0.27033333043800667 0.40110495407134295 0.037999999593012035 0.08176795206964016
1 0.35366666287882254 0.421546942088753 0.03533333295490593 0.07182320114225149
1 0.4133333289064467 0.40276241255924106 0.029333333019167185 0.06298342254012823
0 0.8753333239583299 0.3790055075660348 0.025333333062008023 0.03977900370955467
1 0.6976666591945104 0.43093920685350895 0.023333333083428442 0.04198894836008549
1 0.6183333267108537 0.37237567361444235 0.020666666445322335 0.03977900370955467
1 0.5936666603083722 0.37458561826497316 0.01933333312626928 0.03977900370955467
1 0.5699999938951805 0.3906077169813216 0.018666666466742754 0.04530386533588171
1 0.5419999941950664 0.3906077169813216 0.019999999785795808 0.04530386533588171
1 0.5523333274177276 0.3209944604896009 0.01933333312626928 0.034254142083227634
1 0.5316666609724052 0.3182320296764374 0.016666666488163173 0.03756905905902386
1 0.5126666611758992 0.32928175292909145 0.018666666466742754 0.03977900370955467
1 0.514999994484242 0.38784528616815805 0.02599999972153455 0.05745856091380119
1 0.4606666617328301 0.3176795435138047 0.02399999974295497 0.051933699287474155
1 0.488333328103181 0.31325965421274304 0.02199999976437539 0.04530386533588171
1 0.42199999548029155 0.29889501398429275 0.025333333062008023 0.060773477889597416
1 0.38533332920633256 0.2795579982921481 0.025333333062008023 0.04640883766114712
1 0.40099999570520595 0.24088396690785885 0.01533333316911012 0.03535911440849304
1 0.3806666625896469 0.2325966744683683 0.0173333331476897 0.034254142083227634
1 0.35999999614432454 0.26795578887686133 0.02133333310484886 0.04088397603482008
1 0.314999996626284 0.25524860713630915 0.024666666402481496 0.05303867161273956
1 0.27599999704398215 0.22209943737834692 0.022666666423901916 0.04861878231167793
1 0.2863333302666433 0.30165744479745626 0.03266666631679982 0.06408839486539364
1 0.24499999737599865 0.29889501398429275 0.03399999963585287 0.0740331457927823
1 0.1879999979864806 0.23922650841996074 0.033333332976326346 0.0740331457927823
1 0.15366666502086446 0.28784529073163867 0.044666666188277304 0.09392264764755964
1 0.1423333318089135 0.19281767075881362 0.027333333040587604 0.051933699287474155
1 0.08633333240868524 0.17182319657877088 0.03399999963585287 0.060773477889597416
1 0.05133333278354257 0.2790055121295154 0.04933333280496299 0.09392264764755964
