1 0.630859375 0.933284456608817 0.111328125 0.1334310849197209
1 0.517578125 0.8020527851767838 0.09375 0.13196480926126242
1 0.4296875 0.665689148940146 0.072265625 0.12023460399359465
1 0.5703125 0.6429618762340397 0.056640625 0.09824046911671758
1 0.365234375 0.5659824041649699 0.0625 0.08797653950750828
1 0.4775390625 0.5285923748742789 0.05078125 0.09237536648288369
1 0.6220703125 0.48460410512052476 0.044921875 0.07771260989829898
1 0.888671875 0.8665689141489565 0.119140625 0.2346041053533554
1 0.806640625 0.7228738996200264 0.06640625 0.15249266847968102
1 0.83837890625 0.6165689143817872 0.0439453125 0.08357771253213286
1 0.8330078125 0.5234604100696743 0.037109375 0.06744868028908968
