1 0.03048780548851937 0.348300974117592 0.012195122195407748 0.026699029374867678
1 0.6205962183885276 0.30097087658941746 0.024390244390815496 0.04854368977248669
1 0.6897019108291715 0.3058252455666661 0.02168021723628044 0.04854368977248669
1 0.7242547570494935 0.31917476025409997 0.025745257968083024 0.04611650528386235
1 0.8143631599377841 0.428398062242195 0.024390244390815496 0.05582524323835969
1 0.8909214270533994 0.3956310716457665 0.025745257968083024 0.058252427726984024
1 0.8170731870923191 0.2924757308792323 0.02710027154535055 0.05582524323835969
1 0.7750677661970258 0.2876213619019836 0.024390244390815496 0.05097087426111102
1 0.7276422909926623 0.2621359247714281 0.018970190081745386 0.04368932079523802
1 0.7533875489607453 0.2330097109079361 0.018970190081745386 0.03883495181798935
1 0.7330623453017324 0.19417475908994675 0.018970190081745386 0.03883495181798935
1 0.7384823996108025 0.1589805840048939 0.018970190081745386 0.04611650528386235
1 0.7689702050993219 0.18203883664682508 0.025745257968083024 0.03398058284074068
1 0.8279132957104594 0.19538835133425891 0.01626016292721033 0.041262136306613684
1 0.8787263048579916 0.21601941948756576 0.014905149349942803 0.029126213863492012
1 0.9017615356715396 0.2257281574420631 0.020325203659012914 0.04854368977248669
1 0.8624661419307813 0.07888349588029087 0.01761517650447786 0.026699029374867678
1 0.7994580105878413 0.10194174852222204 0.018970190081745386 0.029126213863492012
1 0.7771002865629271 0.13834951585158706 0.01761517650447786 0.024271844886243343
1 0.8509485265240073 0.16019417624920607 0.01626016292721033 0.03398058284074068
1 0.6612466257065535 0.2220873807091266 0.018970190081745386 0.031553398352116346
1 0.648373996722512 0.17597087542526424 0.020325203659012914 0.041262136306613684
1 0.6144986572908238 0.25242718681693077 0.02845528512261808 0.04368932079523802
1 0.38617886952124536 0.2742718472145498 0.024390244390815496 0.029126213863492012
1 0.4681571909459308 0.22330097295343876 0.014905149349942803 0.03883495181798935
1 0.4376693854574114 0.23179611866362393 0.01626016292721033 0.036407767329365015
1 0.5142276525730267 0.21601941948756576 0.014905149349942803 0.024271844886243343
1 0.49119242175947875 0.1917475746013224 0.012195122195407748 0.024271844886243343
1 0.6504065170884132 0.13834951585158706 0.01626016292721033 0.024271844886243343
1 0.6199187115998939 0.1480582538060844 0.02303523081354797 0.029126213863492012
1 0.5941734536318108 0.13470873911865056 0.012195122195407748 0.031553398352116346
1 0.49322494212538004 0.3179611680097878 0.024390244390815496 0.04854368977248669
1 0.5365853765979409 0.3216019447427243 0.02168021723628044 0.04611650528386235
1 0.3089430956169963 0.2621359247714281 0.013550135772675276 0.024271844886243343
1 0.42208672931883484 0.18325242889113724 0.014905149349942803 0.036407767329365015
1 0.3875338830985129 0.17961165215820074 0.018970190081745386 0.03398058284074068
1 0.40921410033479333 0.12864077789708972 0.008130081463605165 0.029126213863492012
