1 0.8144914503936889 0.625817000749521 0.08486519908183254 0.11683006671955809
1 0.4459252608794486 0.5906862813862972 0.07322304180706851 0.0980392168276012
1 0.2746629999164725 0.5055147117673187 0.09773284659604542 0.09272875924943946
1 0.21553309586306568 0.34865196484315675 0.055453433335060254 0.06413398767472245
1 0.33639707072870806 0.3627451022621244 0.0459558839793317 0.05718954314943403
1 0.410232857655501 0.3359885660029249 0.0324754913453944 0.04697712472989224
1 0.8403799317020457 0.3547794158948818 0.04289215838070959 0.08129085061955266
1 0.6810662005736958 0.33496732416097075 0.0269607852678746 0.03758169978391379
1 0.07245711040741298 0.3803104619437363 0.03707107974332757 0.054738562728744
1 0.1295955928217154 0.33721405621326994 0.02757353038759902 0.04207516388851218
1 0.026654412708012387 0.32414216063625645 0.030637255986221135 0.041258170414948836
1 0.614583355083596 0.3792892201017821 0.023897059669252485 0.03227124220575206
1 0.4569546730344882 0.35845588652591687 0.019301471271319315 0.036356209573568776
1 0.7503063991025556 0.39889706346730236 0.026348040148150176 0.04779411820345558
1 0.6354166891542263 0.38276144236442633 0.01593137311283499 0.03758169978391379
