1 0.8774662890937179 0.2800369721953757 0.016614746302366257 0.03881700604688376
1 0.8904465596424416 0.234750465140678 0.013499481370672584 0.029574861750006676
1 0.8618899644352496 0.20702403225004673 0.008307373151183128 0.03327171946875751
1 0.9371755336178467 0.23105360742192715 0.011422638082876801 0.036968577187508345
1 0.9169263115618378 0.18391867150785401 0.016614746302366257 0.02772643289063126
1 0.8348910016939044 0.17560074164066464 0.012461059726774693 0.029574861750006676
1 0.8618899644352496 0.14602587989065796 0.01869158959016204 0.02587800403125584
1 0.8245067852549255 0.13308687787503004 0.01038421643897891 0.018484288593754172
1 0.7949117684038356 0.15896488190628588 0.011422638082876801 0.022181146312505007
1 0.8011422982672229 0.20702403225004673 0.017653167946264148 0.036968577187508345
1 0.8151609904598445 0.20702403225004673 0.012461059726774693 0.036968577187508345
1 0.7196261992212385 0.23197782185161486 0.012461059726774693 0.03881700604688376
1 0.7357217347016558 0.18391867150785401 0.015576324658468366 0.03142329060938209
1 0.7289719940163195 0.139556378882844 0.01038421643897891 0.024029575171880424
1 0.7632399082649499 0.13585952116409317 0.01038421643897891 0.024029575171880424
1 0.7767393896356225 0.15249538089847192 0.014537903014570475 0.02033271745312959
1 0.7107996152481064 0.12476894800784066 0.00934579479508102 0.02772643289063126
1 0.6983385555213317 0.1820702426484786 0.017653167946264148 0.03881700604688376
1 0.6827622308628634 0.2255083208438009 0.01973001123405993 0.03327171946875751
1 0.6593977438751608 0.19038817251566797 0.012461059726774693 0.029574861750006676
1 0.591381126199849 0.23197782185161486 0.017653167946264148 0.03512014832813293
1 0.6246106188045815 0.2264325352734886 0.017653167946264148 0.03881700604688376
1 0.5586708444170654 0.18484288593754172 0.012461059726774693 0.02587800403125584
1 0.5264797734562308 0.18761552922660485 0.02076843287795782 0.024029575171880424
1 0.4709242155076936 0.20055453124223277 0.017653167946264148 0.03142329060938209
1 0.47507790208328515 0.16451016848441213 0.013499481370672584 0.03327171946875751
1 0.3707165268715471 0.19500924466410652 0.014537903014570475 0.02772643289063126
1 0.37694705673493445 0.17744917050004005 0.01869158959016204 0.029574861750006676
1 0.41900313331279904 0.17744917050004005 0.00934579479508102 0.02587800403125584
1 0.44288683112245053 0.15249538089847192 0.013499481370672584 0.024029575171880424
1 0.3219107096083462 0.2144177476875484 0.022845276165753603 0.029574861750006676
1 0.524402930168435 0.12014787585940212 0.012461059726774693 0.014787430875003338
1 0.5290758275659755 0.15249538089847192 0.011422638082876801 0.02772643289063126
1 0.4870197509881109 0.14325323660159484 0.01038421643897891 0.03142329060938209
1 0.4984423890709877 0.13031423458596691 0.012461059726774693 0.02033271745312959
1 0.5763240123633295 0.14325323660159484 0.01869158959016204 0.024029575171880424
1 0.6137071915436536 0.10258780169533566 0.008307373151183128 0.02033271745312959
1 0.6323987811338156 0.15434380975784734 0.016614746302366257 0.03142329060938209
1 0.657840111409314 0.1404805933125317 0.013499481370672584 0.029574861750006676
1 0.676531700999476 0.10998151713283733 0.015576324658468366 0.03142329060938209
