0 0.8910256485978607 0.5467592495842837 0.041880342236254364 0.09907407232094556
0 0.8980769307090668 0.2921296244603582 0.032051282323664054 0.0861111095873639
0 0.8021367589535657 0.5671296195941977 0.040170940512325615 0.0861111095873639
0 0.8262820583040593 0.3055555501487106 0.03974359008134343 0.07592592458240688
0 0.7647435962426243 0.3162036981084384 0.0371794874954503 0.07499999867286533
0 0.7151709462486906 0.2708333285409026 0.033760684047592804 0.07314814685378224
0 0.7279914591781562 0.5800925823277794 0.04145299180527218 0.0842592577682808
0 0.6564102619886398 0.2689814767218195 0.033333333616610616 0.06574073957744986
0 0.6335470139310928 0.5638888789108023 0.03888888921937905 0.08703703549690545
0 0.6006410307454644 0.2583333287620917 0.03461538490955718 0.07407407276332378
0 0.5553418850613525 0.5842592489207163 0.03974359008134343 0.09074073913507164
0 0.4771367561916122 0.5865740636945702 0.03803418835741468 0.07129629503469914
0 0.38803419133182615 0.6078703596140258 0.04102564137428999 0.0861111095873639
0 0.5326923122192966 0.2569444398977794 0.030341880599735305 0.07129629503469914
0 0.21217948898265604 0.3041666612843983 0.0440170943911653 0.0842592577682808
