0 0.03300000156741589 0.3039215613389388 0.034000001614913344 0.08734402642585337
0 0.11350000539096072 0.2798573907930404 0.04700000223238021 0.0891265575774014
0 0.25850001227809116 0.6212121063144878 0.035000001662410796 0.06238859030418098
0 0.30500001448672265 0.4385026632808149 0.03800000180490315 0.07843137066811323
0 0.3490000165766105 0.3645276204915717 0.03600000170990825 0.06238859030418098
0 0.41800001985393465 0.40998216485604644 0.042000001994892955 0.06417112145572901
0 0.46650002215756103 0.4081996337044984 0.03300000156741589 0.057040996849536896
0 0.5715000271447934 0.37878786970395595 0.03300000156741589 0.06595365260727704
0 0.6380000303033739 0.3930481189163402 0.034000001614913344 0.06595365260727704
0 0.7230000343406573 0.3306595286121592 0.034000001614913344 0.06238859030418098
1 0.220500010473188 0.3386809187941253 0.0370000017574057 0.07843137066811323
1 0.313500014890451 0.35383243358228356 0.029000001377426088 0.048128341091796756
1 0.5325000252923928 0.39037432218901813 0.03100000147242099 0.06773618375882506
1 0.3940000187139958 0.3707664795219898 0.03600000170990825 0.06773618375882506
