0 0.7903787652030587 0.7258327591989655 0.09882455505430698 0.15316785784671083
1 0.8391380170360208 0.5177988030191045 0.08576404117047787 0.12704114435473457
1 0.4472137629054487 0.5587850848096423 0.07858075853437185 0.11561070720199496
0 0.520787991117686 0.6969300823984668 0.10208968352526426 0.14565642771776766
0 0.9577710181474686 0.5476812315755524 0.058772312477231026 0.08752449019812047
0 0.18687418615445495 0.6291639192786533 0.0838049640879035 0.1505551864975132
0 0.07629516860470176 0.507348117622314 0.05681323539465666 0.09307641681516543
0 0.2663256456144154 0.5839320465456694 0.04505877289921045 0.1005878469441086
0 0.35176317393779755 0.5324950793583412 0.05180670507252216 0.07805355655727908
0 0.3910535532049835 0.49101892168982886 0.05681323539465666 0.1107119484222494
0 0.5183935635723174 0.48726320662535727 0.06029603909701109 0.09274983289651573
0 0.5669351401738822 0.48595687095075846 0.04026991780847311 0.0705421264283359
0 0.6139529901556671 0.3930437460949179 0.029821506701409817 0.05519268225179985
0 0.7268175976350904 0.3577726828807499 0.041793644428253174 0.05519268225179985
1 0.2989769303239882 0.49232525736442767 0.04026991780847311 0.07282821385888383
0 0.12146277911961079 0.4118223214172758 0.0335219856351614 0.05290659482125193
0 0.37353069707751274 0.38667535968124866 0.045276448130607605 0.06792945507913828
1 0.4725729273632169 0.3386675236397423 0.033086635172367096 0.049640755634754896
0 0.5159991360269487 0.3166231091308873 0.014148890040814877 0.03429131145821884
0 0.6423596078529954 0.3102547227172181 0.016978668048977852 0.03527106321416795
0 0.42381367553025484 0.33442193269729614 0.022638224065303802 0.038536902400664985
0 0.25348280696198344 0.29833440968650393 0.01893774513155222 0.028412800922524184
0 0.6849151155911386 0.3713259155047126 0.03591641318053007 0.04702808428555727
0 0.5784719274379313 0.4273350575531367 0.03112755808979273 0.05388634657720104
0 0.914018296636641 0.31450031365966424 0.020896822214126587 0.04114957374986261
0 0.9579886933788657 0.30535596393747255 0.021767523139715195 0.042455909424461424
0 0.7815629183314741 0.3484650411992334 0.01893774513155222 0.032658391864970326
0 0.9372007087804377 0.3017635408323258 0.01806704420596361 0.03527106321416795
