0 0.5886752186779631 0.3601851788116619 0.04572649611509405 0.12592592369765043
0 0.7779914596030721 0.36990740086184815 0.0611111116304528 0.16203703416977078
0 0.47243590145080816 0.3703703638166189 0.0405982909433078 0.11481481278315187
0 0.3660256441362435 0.3657407342689112 0.04145299180527218 0.11851851642131805
0 0.2985042760410579 0.3305555497063324 0.03888888921937905 0.11296296096406877
0 0.2376068396260962 0.32314814243 0.03931623965036124 0.09999999823048711
0 0.17094017239287496 0.3166666610632092 0.033333333616610616 0.09259259095415473
0 0.44551282429893035 0.31342592037981376 0.020085470256162807 0.060185184120200574
0 0.49252137170697097 0.30277777242008597 0.02606837628991343 0.07962962822057307
0 0.6632478688843548 0.3305555497063324 0.03247863275464624 0.07962962822057307
