0 0.14679487304238137 0.6185185075737536 0.11410256507224403 0.32962962379679084
0 0.23141025837685447 0.45416665863012895 0.06623931680223905 0.23055555147584528
0 0.3824786357290577 0.73009257967351 0.11965812067501247 0.19351851509418339
0 0.581410261351266 0.5675925825489685 0.09615384697099216 0.2055555519182235
0 0.775427357017179 0.5444444348104298 0.09700854783295654 0.2018518482800573
0 0.20897436075028963 0.17268518212949857 0.06837606895714998 0.13240740506444126
0 0.3222222249605693 0.22870369965676218 0.06239316292339936 0.15925925644114614
0 0.3386752165533835 0.09120370208984241 0.051709402148844674 0.10462962777819484
0 0.465170944124111 0.30833332787733525 0.09188034266117029 0.21111110737547278
0 0.620299150570645 0.3254629572038539 0.08247863317956217 0.1879629596369341
0 0.7074786384910112 0.3342592533444986 0.0679487185261678 0.19259258918464184
0 0.5094017137307674 0.1722222191747278 0.038461538788396865 0.13148147915489972
0 0.6747863305208739 0.0773148134467192 0.025641025858931243 0.06759259139653295
0 0.5982906033750623 0.04166666592936963 0.033333333616610616 0.0703703691251576
0 0.5673076971288538 0.09537036868277937 0.043162393529200926 0.08148148003965616
0 0.4126068411133019 0.03564814751734957 0.033760684047592804 0.06944444321561605
0 0.4636752176156733 0.03055555501487106 0.029059829306788743 0.05925925821065903
0 0.8730769304966088 0.25370369921438396 0.04444444482214749 0.10925925732590258
0 0.8970085546316113 0.13055555324535817 0.030769231030717492 0.09259259095415473
0 0.8023504341690568 0.24861110671190545 0.053418803872773424 0.09351851686369628
0 0.8224359044252196 0.16018518235068768 0.026923077151877806 0.05370370275340974
0 0.7564102628384717 0.2180555516970344 0.028205128444824368 0.08055555413011461
