0 0.13076923188054934 0.46157406590646133 0.030769231030717492 0.07685185049194843
0 0.19807692476024386 0.4537036956753582 0.023504273704020306 0.05740740639157593
0 0.23119658316136338 0.42962962202727795 0.01623931637732312 0.03888888820074499
0 0.29978632733400445 0.41759258520323783 0.013247863360447809 0.0351851845625788
0 0.3155982932803454 0.411111103836447 0.01153846163651906 0.029629629105329514
0 0.21837607023189776 0.5361111016245559 0.04700854740804061 0.12222222005948424
0 0.2775641049229307 0.49999999115243554 0.033760684047592804 0.07592592458240688
0 0.3252136779774446 0.4671296213637106 0.027350427582859993 0.06759259139653295
0 0.35363248163776007 0.4722222138661891 0.021794871980091557 0.05185185093432665
0 0.37136752452352084 0.4481481402181089 0.014529914653394371 0.046296295477077365
0 0.49594017515482847 0.4148148074746132 0.01153846163651906 0.025925925467163324
0 0.8485042807151331 0.44398147362517193 0.020940171118127182 0.056481480482034385
0 0.9025641102343798 0.45601851044921204 0.022222222411073744 0.06574073957744986
0 0.7967948785662884 0.4305555479368195 0.020085470256162807 0.042592591838911176
0 0.7136752197402529 0.4143518445198424 0.012820512929465622 0.028703703195787966
0 0.6993589803023497 0.4097222149721347 0.014102564222412184 0.03055555501487106
0 0.6807692365546245 0.4060185113339685 0.015384615515358746 0.028703703195787966
0 0.7519230833131587 0.4935185097856447 0.03632478663348593 0.07962962822057307
0 0.6944444503460545 0.4657407324993983 0.029914530168753117 0.07592592458240688
0 0.6634615440998459 0.4476851772633381 0.02606837628991343 0.04907407320570201
0 0.643162398628192 0.4361111033940688 0.018803418963216245 0.05185185093432665
0 0.6239316292339936 0.43101851089159027 0.01965811982518062 0.04722222138661891
0 0.6074786376411794 0.4305555479368195 0.014102564222412184 0.0351851845625788
0 0.5963675264356425 0.4273148072534241 0.010683760774554685 0.036111110472120345
0 0.8335470156307565 0.5513888791319914 0.033760684047592804 0.11018518323544413
