1 0.2117376308888197 0.36767678428441286 0.0345224398188293 0.08484848868101835
1 0.6754890724550933 0.34545456105843186 0.023014959879219532 0.04848485067486763
1 0.5989643308566883 0.3404040557797998 0.021864211885258555 0.03838384011760354
1 0.5483314191224054 0.31010102410800755 0.02416570787318051 0.04646464856341481
1 0.665707714506425 0.26565657765604556 0.019562715897336602 0.03838384011760354
1 0.6121979327872396 0.2262626364827156 0.02071346389129758 0.04848485067486763
1 0.563291143043898 0.2585858702659607 0.02416570787318051 0.03636363800615072
1 0.7721519039478153 0.30000001355074346 0.025316455867141485 0.03838384011760354
1 0.7071346422890201 0.24040405126288533 0.019562715897336602 0.04040404222905636
1 0.6691599584883079 0.2141414238139987 0.021864211885258555 0.044444446451961994
1 0.6582278525456786 0.17878788686357439 0.018411967903375626 0.034343435894697905
1 0.6990794063312933 0.18686869530938566 0.021864211885258555 0.03030303167179227
1 0.7474108220776543 0.19898990797810256 0.014959723921492696 0.03030303167179227
1 0.735327968141064 0.17373738158494234 0.02071346389129758 0.03232323378324509
1 0.7123130082618445 0.14141414780169725 0.016110471915453672 0.03636363800615072
1 0.7456847000867128 0.13838384463451803 0.01380897592753172 0.026262627448886633
1 0.7307249761652201 0.12828283407725394 0.016110471915453672 0.03838384011760354
1 0.7566168060293421 0.10303030768409371 0.012658227933570743 0.024242425337433815
1 0.7663981639780104 0.13030303618870676 0.01380897592753172 0.03030303167179227
1 0.8009206037968397 0.17878788686357439 0.016110471915453672 0.034343435894697905
1 0.8429229055764154 0.1919192005880177 0.014959723921492696 0.03232323378324509
1 0.8682393614435568 0.2262626364827156 0.014959723921492696 0.04040404222905636
1 0.8768699713982642 0.19696970586664975 0.016110471915453672 0.034343435894697905
1 0.9228998911567032 0.1929293016437441 0.016110471915453672 0.042424244340509176
1 0.9252013871446252 0.15555556258186698 0.011507479939609766 0.03232323378324509
1 0.9016110532684252 0.1363636425230652 0.012658227933570743 0.026262627448886633
1 0.8688147354405373 0.14040404674597085 0.016110471915453672 0.03030303167179227
1 0.8544303855160251 0.16060606786049902 0.021864211885258555 0.034343435894697905
1 0.8268124336609617 0.14040404674597085 0.019562715897336602 0.026262627448886633
1 0.49827388138510287 0.20909091853536665 0.01380897592753172 0.026262627448886633
1 0.5218642152613029 0.21111112064681947 0.014959723921492696 0.026262627448886633
1 0.45972382358741015 0.22323233331553638 0.01726121990941465 0.03030303167179227
1 0.42577675776556134 0.2262626364827156 0.01380897592753172 0.024242425337433815
1 0.6191024207510054 0.14949495624750853 0.016110471915453672 0.02020202111452818
1 0.5517836631042883 0.17171717947348952 0.01726121990941465 0.016161616891622543
1 0.5753739969804883 0.1797979879193008 0.018411967903375626 0.02828282956033945
1 0.4269275057595223 0.18383839214220643 0.018411967903375626 0.02828282956033945
1 0.42980437574442476 0.28989900299347937 0.019562715897336602 0.03030303167179227
0 0.3147295763483271 0.2727272850461304 0.014959723921492696 0.03232323378324509
1 0.3348676662426442 0.27575758821330965 0.016110471915453672 0.034343435894697905
1 0.2853855025023222 0.25252526393160224 0.01380897592753172 0.024242425337433815
1 0.34637514618225396 0.23333334387280047 0.01380897592753172 0.01818181900307536
1 0.37226697604637593 0.2131313227582723 0.012658227933570743 0.022222223225980997
1 0.9154200291959569 0.2929293061606586 0.01726121990941465 0.04848485067486763
