1 0.06924019852885976 0.5720108434616122 0.05208333517657593 0.11576086428249255
1 0.15808824088890105 0.5774456258222926 0.0404411779018119 0.07336956186918542
1 0.10906863131094724 0.5135869330842979 0.03370098158484325 0.0771739095216617
1 0.01838235359173268 0.49891302071046084 0.03431372670456767 0.08152173541020602
1 0.06694240432989318 0.46494563095620833 0.03400735414470546 0.06467391009209678
1 0.3757659446710022 0.4790760650939774 0.028492648067185655 0.059239127731416374
1 0.4083946222963277 0.4820651953923516 0.02022058895090595 0.056521736551076174
1 0.4908088408992626 0.5176630198548082 0.022058824310079217 0.05380434537073597
1 0.5215992831654148 0.5114130201400258 0.019301471271319315 0.05326086713466793
1 0.566789235745091 0.5211956283892505 0.02267156942980364 0.04891304124612361
1 0.6694240432989318 0.5437499751860742 0.03125000110594556 0.06684782303636894
1 0.7239583589544054 0.5173912807367742 0.024509804788976908 0.05108695419039577
1 0.6118260020448361 0.5211956283892505 0.02083333407063037 0.04891304124612361
1 0.6115196294849738 0.47744563038577326 0.017769608472008258 0.03641304181655869
1 0.6449142385099549 0.48260867362841964 0.01838235359173268 0.03478260710835457
1 0.6924019852885976 0.48260867362841964 0.01838235359173268 0.03586956358049065
1 0.49494487045740243 0.43124998031998985 0.015012255433248356 0.030978259455878288
1 0.5007659490947844 0.4687499786086846 0.01562500055297278 0.03532608534442261
1 0.3998161906201858 0.4304347629658878 0.02083333407063037 0.04021738946903497
1 0.3454350612446433 0.4497282403463032 0.018688726151594892 0.03641304181655869
1 0.33042280581139494 0.4915760645235423 0.026654412708012387 0.04510869359364733
1 0.26026348960294854 0.43423911061836407 0.023590687109390274 0.05326086713466793
1 0.22824755709734745 0.4279891109035816 0.02267156942980364 0.04076086770510301
1 0.5309436462412123 0.4807064998021815 0.014705882873386145 0.03206521592801437
