1 0.19561815133783966 0.6683569819433615 0.08450704137794673 0.13995942869223654
1 0.5179968647425994 0.6460446092532948 0.09389671264216304 0.1480730187613517
1 0.06729264406021684 0.5233265594579279 0.06572769884951413 0.1054766708984971
1 0.19953051436459646 0.4888438016641885 0.04225352068897337 0.07302231062203646
1 0.2785602475050837 0.5578093172516674 0.05946791800670326 0.09330628579482436
1 0.0774647879297845 0.3793103357311338 0.03912363026756793 0.060851925518363714
1 0.12128325382946059 0.38945232331752777 0.03286384942475706 0.05679513048380613
1 0.16431924712378532 0.39858011214528233 0.031298904214054346 0.05476673296652734
1 0.22378716513048857 0.4219066835939884 0.03442879463545978 0.060851925518363714
1 0.44209702202351764 0.5598377147689462 0.06416275363881141 0.12170385103672743
1 0.3787167409900576 0.5091277768369764 0.04694835632108152 0.0649087205529213
1 0.8920187701005489 0.5933062738040462 0.06885758927091956 0.10344827338121831
1 0.9530516333179548 0.5162271681474522 0.05320813716389239 0.08722109324298799
1 0.8317683794884942 0.5233265594579279 0.05164319195318967 0.08113590069115162
1 0.7793427149299532 0.5172413669060916 0.04694835632108152 0.07707910565659404
1 0.7237871599500068 0.49898578925058246 0.02973395900335163 0.05679513048380613
1 0.4898278509499505 0.5141987706301734 0.037558685056865215 0.07505070813931525
1 0.3325508572743274 0.5091277768369764 0.03286384942475706 0.08113590069115162
1 0.5242566455854103 0.50304258428514 0.03442879463545978 0.06896551558747888
